10    21.4   16.7    9.4   425   67.7   66.4
11    59.4   46.7   23.4   440   68.7   69.6
12    24.6   18.7   10.2   437   68.7   68.1
13    63.8   49.6   25.8   435   68.6   68.4
14    50.6   35.2    17    444    69    68.7
15    36.5   26.8   13.3   441   68.4   67.2
16    21.6   14.1    6.8   429   67.9   66.7
17    36.9   30.7   17.9   432   68.1   67.6
18    59.4   41.7   21.7   443   69.5   68.9
19    43.6    32    15.8   434   69.3   67.1
20    13.5   10.6    5.1   433   68.2    66
21     8.6    6.6    3.3   425   67.9   65.9
22    10.7    7.8    3.9   421   67.6    66
23    17.1   14.2    7.9   428   67.8   66.9
24    53.3   38.4   20.8   440   68.4   69.1
25    19.4   15.6    8.3   433   68.1   67.7
26     9.3    7.9    4.1   423   67.3   66.8
27     8.6    6.8    3.2   414   66.9   67.1
28    11.9    9.1    4.4   419   66.8   67.3
29    13.3    9.9    4.9   423   66.3   68.2
30    17.7   13.5    6.7   424   66.3   68.6
31    27.1   21.8   11.1   430   66.6    69
32    31.2    24    12.7   435   67.3   70.7
33    27.4   21.9   10.6   431    67    69.2
34    26.4   20.7   10.3   431   66.9   69.3
35    13.2    9.6    4.8   427   66.4   68.7
36     9.7    6.3    3.4   426   66.3   68.5
37    10.2      8    3.8   428   66.1   68.4
38    18.4   13.9    6.8   426   66.2   68.6
39    16.7    13     6.7   429   65.9   69.3
40    16.6   12.9    5.8   427   65.8   69.4
41     9.8      8    3.9   426   65.8   69.1
42    11.3    8.9    4.4   427   65.5   69.2
43     8.7    6.7    3.3   424   65.4   69.2
44     8.2    6.4    3.2   425    65    69.4
45     8.8    6.5    3.3   425   64.9   69.7
46    26.5    7.3    3.6   424   64.9   69.7
47    86.7    14     4.2   433    65    69.7
48    15.5    8.6    3.6   428   64.9   69.9
49    11.7    7.1    3.5   423   64.8    70
50    10.2    6.8    3.2   425   64.8   70.2
51     9.6      7    3.1   426   64.8   70.1
52     9.1    6.4      3   428   64.8   70.1
53    35.3   10.5    3.2   432   64.9   70.1
54     9.9    6.4    3.1   429   64.9   70.1
55     8.7    6.7      3   427   64.9    70
56     8.4    5.9      3   427   64.9   69.9
57     8.8    6.2    2.8   425   64.8    70
58     8.7    6.2    2.9   428   64.7    70
59    18.1    7.7      3   428   64.7    70
60    61.1   12.3    3.2   429   64.7   69.8
61    18.4    7.3    2.9   431   64.7   69.7
62    77.6   14.5    4.1   431   64.6   69.7
63    53.3   12.9    3.5   430   64.5   69.7
64    48.7   14.8    3.5   428   64.5   69.7
65     97    22.4    4.7   429   64.5   69.6
66   106.6   30.5    5.9   427   64.5   69.7
67   145.3   25.8    4.6   430   64.4   69.8
68    75.7   14.6    3.6   427   64.4   69.9
69    28.4    9.8    3.2   430   64.3   69.9
70    36.1    11     3.4   429   64.3    70
71    33.8    10     3.3   426   64.3   69.9
72    33.6   11.4    3.4   430   64.2    70
73    28.7   10.2    3.3   426   64.2   70.2
74    21.8    9.1    3.2   427   64.2   70.3
75    14.8    7.1      3   427   64.2   70.3
76    15.8    7.4    2.9   429   64.2   70.3
77    14.6    7.3      3   431   64.2   70.3
78    15.8    7.8      3   431   64.2   70.3
79    15.8    7.5    2.9   428   64.3   70.3
 80   16.2    7.5     3   431   64.3   70.3
 81   14.3    7.3     3   430   64.2   70.3
 82   12.2    6.9     3   429   64.2   70.3
 83   13.5    7.2     3   430   64.1   70.3
 84    15     7.8   3.1   429    64    70.2
 85    14     7.1     3   426   63.9   70.2
 86   14.4    8.2   3.1   429   63.9   70.2
 87   12.6      7   3.1   430   63.9   70.2
 88   13.6    7.1   3.1   428   63.9   70.4
 89   12.7    6.8     3   430   63.9   70.4
 90    12     7.3   3.3   428   63.9   70.4
 91   12.9    6.8   3.4   430   63.8   70.5
 92   11.8    7.3   3.1   430   63.8   70.4
 93   13.6    7.6     3   432   63.7   70.4
 94   13.7      8   3.1   431   63.7   70.5
 95   12.7    7.2     3   430   63.7   70.5
 96   13.8    8.2   3.1   430   63.7   70.5
 97   12.7    6.9     3   429   63.6   70.6
 98   14.3    7.5   3.1   429   63.6   70.7
 99   18.5    9.2   3.2   432   63.6   70.7
100   20.8    9.5   3.5   429   63.6   70.8
101   26.3   10.3   3.5   428   63.6   70.6
102   32.4   12.6   3.7   434   63.6   70.8
103   47.7   11.7   3.4   436   63.6   70.8
104   48.1   11.3   3.8   436   63.7   70.7
105   15.8    8.4   3.6   435   63.6   70.7
106   20.4    9.7     4   432   63.6   70.7
107   23.1   10.1   3.7   429   63.6   70.7
108   24.4    10    3.5   430   63.6   70.7
109   26.5      9   3.3   430   63.6   70.7
110   17.1    8.8   3.4   428   63.6   70.7
111   14.4    7.5   3.2   430   63.6   70.6
112   15.3    7.8   3.3   431   63.5   70.5
113   16.9    8.2   3.3   432   63.5   70.6
114   24.2    9.9   3.5   431   63.5   70.6
115   29.9   10.8   3.7   429   63.6   70.6
116   22.3      9   3.5   429   63.6   70.5
117   21.2    9.2   3.5   431   63.6   70.5
118   16.9    9.3   3.3   429   63.6   70.4
119   17.4    8.7   3.1   430   63.6   70.3
120   12.1    7.2   3.1   429   63.6   70.3
121   14.4    7.4   3.2   428   63.5   70.2
122   14.6    6.6   3.2   430   63.6   70.2
123   14.2    7.3   3.1   430   63.5   70.1
124   13.6    7.3   3.2   429   63.5   70.1
125   11.5    6.9   3.1   429   63.4   70.1
126   13.3    7.8   3.1   429   63.5   70.1
127   14.4    8.2   3.1   428   63.5   70.1
128   15.1    7.7     3   431   63.5    70
129   14.1    8.1   3.2   429   63.4   69.9
130   14.9    7.7     4   430   63.4   69.9
131   15.1    8.8   3.8   428   63.4   69.9
132   17.1    8.1   3.3   431   63.3   69.9
133    15     8.4   3.2   428   63.2   69.9
134    16     8.7   3.3   430   63.2    70
135   14.1    8.4   3.3   428   63.2    70
136    16     8.3   3.1   428   63.2    70
137   15.2    8.4   3.3   428   63.2    70
138   13.9    7.6   3.1   430   63.2    70
139   13.7    7.3     3   429   63.1    70
140   14.5    7.4   3.2   429   63.1    70
141   14.5    7.5   3.1   429   63.1   70.1
142   18.3    8.3   3.2   431    63    70.2
143   14.2    7.3   3.1   432    63    70.2
144   14.3    8.5   3.4   431   62.9   70.2
145   15.5    7.2   3.3   432   62.9   70.3
146   13.6    7.6   3.2   431   62.8   70.3
147   12.5    7.1   3.2   430   62.8   70.4
148   12.9    8.1   3.2   432   62.8   70.3
149   12.4    6.3   3.1   434   62.8   70.4
150    13.1    7.1   3.1   436   62.8   70.5
151    12.8    7.4   3.2   432   62.8   70.6
152    12.1    7.1   3.1   434   62.8   70.6
153    11.6    7.1     3   433   62.8   70.6
154    10.8    6.8     3   435   62.8   70.6
155    10.5    6.8     3   432   62.8   70.5
156    10.4    6.3     3   432   62.8   70.6
157    14.5    7.2   3.2   433   62.7   70.6
158    13.5    6.5     3   433   62.7   70.7
159    11.4    6.8   3.1   432   62.7   70.6
160    10.7    6.7   2.9   433   62.7   70.7
161    13.2      7   3.1   433   62.7   70.7
162     9.6    6.4     3   431   62.7   70.7
163    10.2    6.4   3.2   433   62.7   70.8
164    10.8    6.7   3.1   435   62.7   70.9
165    12.5    7.2     3   433   62.6   70.9
166     9.2    5.9     3   434   62.6   70.8
167    11.6    7.2   3.1   433   62.6   70.8
168    11.2    6.7   3.1   434   62.6   70.9
169    11.2    6.7   3.1   438   62.6   70.9
170    11.8    5.9     3   439   62.7   70.9
171    11.9    5.9   3.1   439   62.6   70.9
172    11.4    6.7   3.1   438   62.7   70.9
173    12.2    6.1     3   437   62.7   70.8
174    21.3    7.4   3.1   435   62.7   70.8
175    17.3    7.7   2.9   434   62.7   70.7
176    11.6    6.6   2.9   435   62.7   70.8
177    10.3    6.5     3   435   62.7   70.7
178     28    11.6   3.5   433   62.7   70.7
179     12     7.4     3   433   62.7   70.7
180    12.9    6.2   2.9   431   62.7   70.7
181    17.2    7.2   2.9   434   62.8   70.7
182    10.9    6.3   2.9   434   62.8   70.7
183    10.2    5.9   2.9   435   62.8   70.7
184    13.2    7.6   3.1   434   62.8   70.6
185    11.8    7.3   3.1   434   62.8   70.7
186    10.2    6.6   3.1   435   62.8   70.7
187    67.3   11.6   3.4   435   62.8   70.7
188    22.3      7   3.1   438   62.8   70.7
189    10.4    6.5   3.1   440   62.7   70.7
190    11.7    7.3   3.2   441   62.8   70.5
191   116.4    36    6.4   442   62.8   70.5
192    42.2   10.5   3.5   445   62.7   70.6
193    10.9    6.4     3   441   62.7   70.7
194    11.3    6.5     3   440   62.6   70.8
195    12.4    6.5     3   439   62.6   70.8
196    10.7    6.5   3.1   439   62.6   70.8
197    11.7    8.2     4   436   62.6   70.8
198    11.3    7.2   3.3   435   62.6   70.8
199    12.2      7   3.2   435   62.6   70.8
200    11.5      7   3.1   436   62.6   70.8
201    11.5    6.5   3.1   437   62.6   70.8
202    11.5    7.7   3.1   437   62.6   70.8
203    10.7    6.8   3.1   437   62.6   70.8
204    12.5    6.4   2.9   437   62.5   70.9
205    10.5    6.3   2.9   436   62.5   70.9
206    11.9    6.7     3   435   62.5    71
207    11.5    6.4   2.8   434   62.5   70.9
208     9.9    6.5   2.9   435   62.5   70.8
209     8.8    6.1     3   433   62.6   70.9
210     9.6    6.1   2.9   434   62.5   70.8
211     9.5    6.3     3   433   62.5   70.9
212     9.9    6.6   2.9   436   62.5   70.8
213       9    6.5   2.9   436   62.5   70.8
214    10.3    6.6   2.9   436   62.5   70.8
215     8.7    5.9   2.9   432   62.6   70.8
216     9.2    6.2   2.9   437   62.5   70.8
217     9.3    6.3     3   433   62.5   70.8
218    10.3    6.5     3   435   62.6   70.7
219     8.7    5.6   2.9   434   62.5   70.8
220    9.9   6.4    3    437   62.6   70.7
221    9.5   6.7     3   434   62.5   70.7
222    9.9   6.5     3   434   62.5   70.7
223    9.7   6.6   3.1   435   62.5   70.7
224   11.1   6.7     3   440   62.6   70.7
225   12.6   6.5     3   440   62.5   70.7
226    9.1   6.6   3.1   439   62.5   70.6
227   10.1   6.8     3   436   62.5   70.6
228   11.2   6.8     3   438   62.5   70.6
229    9.8     6     3   437   62.4   70.7
230   10.2   6.4     3   438   62.4   70.8
231   10.7   6.5   3.1   437   62.4   70.8
232    8.8   6.2     3   437   62.3   70.9
233    14    6.6     3   438   62.3   70.9
234    9.9   6.4   2.9   439   62.3   70.9
235    9.4   6.3   2.9   436   62.3   70.9
236    9.5   5.7   2.9   436   62.3   70.8
237    9.2   6.3   2.9   435   62.3   70.8
238    9.9   6.7   3.1   437   62.3   70.9
239    8.8   5.9   2.9   438   62.2   70.9
240   11.6   5.8   2.9   439   62.2   70.9
241    9.7   6.5   2.9   439   62.2    71
242      8   5.6   2.9   439   62.2    71
243    8.9   6.6     3   438   62.2    71
244    8.3   6.2   2.8   438   62.2   70.9
245    8.7   5.7   2.8   436   62.2   70.9
246    10      6   2.8   436   62.2    71
247    9.8   5.9   2.8   436   62.2    71
248    9.3   6.2   2.9   436   62.3    71
249    8.5   5.2   2.8   436   62.3   70.9
250   10.5   6.9   2.9   436   62.3    71
251   10.9   7.2   2.9   436   62.3   70.9
252    9.4   5.9   2.9   437   62.3   70.9
253   10.2   6.8     3   436   62.3   70.9
254   11.1     7   2.9   437   62.3   70.9
255    9.3   6.4   2.8   436   62.3   70.9
256   11.9   6.9     3   437   62.3   70.9
257   12.1   7.5   3.2   434   62.4   70.9
258   12.4   6.9   3.1   436   62.3   70.8
259   13.6   7.3   3.2   437   62.3   70.8
260   10.6   7.1     3   433   62.4   70.9
261   10.9   6.2   3.1   431   62.4   70.9
262   10.7     7     3   436   62.4   70.9
263   10.4   6.8     3   436   62.4   70.9
264    9.8   6.3     3   435   62.5   70.8
265    9.4   6.2     3   433   62.5   70.8
266   11.7   6.9   3.2   434   62.5   70.7
267    9.9   6.9   3.1   435   62.5   70.7
268    10    6.5   3.1   435   62.5   70.6
269    9.8     7   3.2   434   62.5   70.6
270    9.7   6.6   3.1   437   62.5   70.6
271    11    6.6   3.3   436   62.5   70.7
272    11    6.5   3.4   436   62.5   70.7
273    11    6.9   3.4   436   62.5   70.6
274   12.3   7.5   3.7   433   62.5   70.6
275   15.4   7.5   3.8   435   62.5   70.6
276   11.6   7.3   3.7   436   62.5   70.5
277   10.3   6.8   3.7   434   62.4   70.5
278   12.5   8.4   3.9   434   62.4   70.5
279   11.8   7.2   3.8   436   62.4   70.5
280   10.9   7.5   3.9   434   62.5   70.5
281   11.6   7.2     4   432   62.4   70.4
282   11.6   8.1   4.1   437   62.4   70.3
283    11    7.7   4.1   435   62.4   70.3
284   11.2   7.4   4.2   435   62.4   70.4
285   11.6   7.3   4.3   432   62.3   70.3
286   10.4   7.6   4.2   434   62.3   70.2
287    10    7.8   4.4   434   62.3   70.2
288   11.8   8.1   4.3   434   62.3   70.3
289    10.7      8    4.3   435   62.3   70.2
290    11.4    8.4    4.3   431   62.2    70
291    12.2    7.6    4.3   433   62.2   69.9
292    10.1    7.2    4.2   434   62.3   69.8
293    10.5    7.7    4.3   434   62.3   69.7
294     10     7.1    4.2   432   62.3   69.6
295     11       8    4.2   433   62.2   69.6
296     9.5    7.3    4.1   433   62.3   69.6
297    11.4    8.1    4.2   432   62.2   69.6
298     8.7    7.2    4.1   430   62.1   69.5
299    10.3    7.8    4.1   428   62.1   69.4
300    10.2    7.8    4.1   431    62    69.4
301     9.6    6.6      4   428    62    69.4
302    10.1    6.9    3.8   428    62    69.3
303     8.8    6.3    3.8   426    62    69.1
304     9.6    7.4    3.9   426   61.9   69.1
305     8.4    6.5    3.5   427   61.9    69
306     8.8    6.1    3.5   426   61.9    69
307     7.8    6.7    3.6   426   61.9    69
308     8.6    6.6    3.6   426   61.9   68.9
309       8    5.6    3.5   427   61.9   68.9
310       8    5.7    3.5   426    62    68.8
311     8.3    6.3    3.5   426   61.9   68.9
312     7.3    5.8    3.6   426   61.9   68.9
313     8.7    6.5    3.5   427   61.9   68.9
314     8.7      6    3.5   429   61.9   68.8
315    11.4    6.6    3.6   426    62    68.9
316     8.9    6.2    3.1   428   62.2   69.3
317     7.5    6.1    3.5   425   62.4   69.2
318     8.8    6.6      4   427   62.4   68.8
319     8.8    6.7    4.1   424   62.3   68.1
320     8.7    6.7    4.2   425   62.1   67.8
321     8.1    6.6    4.2   424   61.9   67.8
322    10.4    7.2    4.1   426   61.8   67.9
323     7.9    6.2    4.2   425   61.7    68
324     8.5    6.7    4.2   424   61.7   68.1
325     8.5    6.2    4.3   425   61.7   68.1
326     8.4    6.7    4.3   425   61.7   68.2
327     7.9    6.5    4.6   426   61.7   68.2
328     7.9    6.3    4.3   426   61.7   68.1
329     8.4    6.1    4.5   425   61.6   68.1
330     8.6    6.7    4.5   425   61.6    68
331     8.9    7.3    4.7   426   61.6   68.1
332     8.5    7.1    4.7   423   61.6    68
333     8.3    7.1    4.9   426   61.5    68
334    10.9    7.8      5   423   61.5   68.1
335    11.6    8.5      5   426   61.5   68.2
336     9.1    7.7    5.1   427   61.5   68.3
337     10     7.3    5.1   426   61.6   68.4
338     9.7    7.8    5.5   427   61.6   68.5
339    10.8    8.7      6   427   61.6   68.5
340    10.7    8.6    5.9   427   61.7   68.5
341    10.7    8.4    5.7   426   61.9   68.6
342    13.5    7.7    5.3   424    62    68.6
343    278    52.6    8.8   423   63.1   69.3
344    31.2   11.2    5.2   415   63.8    68
345    42.6    17     6.1   422   63.3   66.1
346    50.3   20.6    6.4   423    63    66.2
347    45.9   17.4    6.2   422   62.6   66.2
348    36.9   16.2      6   425   62.4   66.2
349    39.2    14     5.7   426   62.3   66.4
350    30.3   13.2    5.5   425   62.4   66.8
351   100.1    34     9.3   428   62.7   67.1
352   188.1   56.8   12.8   421   64.2   67.6
353    35.3   15.4    5.9   418   64.4   65.6
354    36.9   13.9      6   423   64.1   64.8
355    19.5   11.1    5.6   426   63.8   64.9
356    16.5      9    5.8   424   63.3   64.4
357    29.6   12.4    5.7   424   63.4   64.9
358    57.3    22.7      9   429   63.6   65.7
359   133.6    48.7   13.8   429   64.8   66.9
360    66.9     28     9.3   421   64.4   64.9

361    37.1    15.8    6.6   421   63.6   63.3
362    21.3    10.7      6   413   63.2   63.7
363    15.8    10.1    6.2   413   62.8   64.4
364    17.4    10.9    6.4   417   62.7    65
365    24.5    14.8    7.4   422   62.7   65.5
366    27.6    15.9    7.8   425   62.5   66.1
367     28     15.4      7   426   62.5   66.2
368     29      17     7.1   426   62.6   66.3
369    56.6    28.7   10.1   429   62.7    67
370    36.4     20     8.1   429   62.8   66.9
371     62     33.2    12    431   62.8   66.9
372    78.7    39.3   12.8   431   63.1   67.6
373     65     29.2   11.7   428   63.9   67.4
374   117.2    57.5   18.6   421   65.7   66.4
375    88.5    40.1   12.6   424   65.8   64.8
376   202.4    93.5    24    429   65.7   64.1
377    88.2    33.8   10.9   432   66.4   63.9
378    38.7    20.5    7.7   427   65.3   60.6
379    39.6    21.9    8.7   427   64.7   61.8
380   102.9    55.3   19.8   432   64.6   63.1
381   115.5    48.1    16    436   65.8   64.9
382    32.2    17.9    7.3   431   64.8   61.3
383    20.8    12.8    5.7   422    64    61.3
384    69.4     39    16.5   424   64.3   63.5
385    58.7     32    12.1   435   65.6   64.1
386    42.8    26.9   10.6   428   65.2   62.3
387     18     11.1    5.9   428   64.4   61.7
388    12.9     9.3    5.5   428   64.2   62.2
389    13.3     9.1    5.6   430   63.9   62.2
390    55.8    28.5   13.7   428   64.2   63.5
391     46      25    10.8   434   65.3    64
392    35.8    22.6    10    432   64.8   62.3
393    78.3    47.5   19.5   437   64.8   63.3
394   135.3    59.1   19.3   443   66.1   64.4
395    35.8    24.8    11    433   65.7   62.1
396    32.5    19.9    8.8   433   64.7   61.2
397    83.4    56.2   23.8   437   64.9   63.3
398    94.5    52.8    20    449   66.3    64
399    58.7    37.9    16    439   65.6   61.3
400    24.2    14.3    6.9   436    65     61
401    12.6     8.7    5.1   433   64.9   61.5
402    28.3    18.1    10    435   64.4   61.6
403    58.9     40     18    449   65.7   63.7
404    62.2    40.5   17.5   444   66.1   62.5
405    43.9    25.6   11.1   443   65.7   61.6
406    26.4    15.2    7.1   440   65.4   61.2
407    69.9    47.3   20.1   444   65.4   61.8
408   111.1    56.7   21.9   454   66.7   63.1
409    63.8    42.2   17.8   448   66.6   61.4
410   121.6    73.8   28.2   451   66.4   61.3
411   152.2    67.9   22.5   466   67.3   62.2
412    91.2    52.6   18.8   441    66    58.1
413   270.8   119.5   34.3   449   66.3    62
414    60.9    36.2   14.8   448   65.7   60.5
415    28.4    17.2    8.6   433   64.9   59.6
416    39.1    24.3   11.4   431   64.8   60.2
417    81.1    52.9   22.2   450   64.9   62.2
418    43.9    27.9   12.9   449   65.7   62.1
419    24.6    17.2    9.2   441   64.6   59.9
420    17.9    11.9      7   424    64    59.6
421    15.1    10.3    6.7   424   63.6   60.5
422    34.6    23.1   12.4   431   63.6   61.4
423   100.3     49    18.6   453   65.3   63.3
424   278.3   120.9   35.1   454   65.5   62.6
425    78.4    32.7   13.6   458   65.8   62.9
426     29     17.1    8.7   436   64.9   59.3
427    62.6    39.5   16.6   432   64.2   59.4
428   150.8    81.6   31.4   458   65.4   63.5
429    60.4    34.4    14    446   65.3   61.1
430   182.3    98.3   36.3   459   65.6   62.5

431   133.1    70.6   24.6   456   65.7   61.7
432   236.5    97.4   30.4   466   65.9   62.6
433    43.2    26.4   12.7   446   65.1   59.4
434   195.3   103.7   38.5   455    65    61.9
435     49     32.1   14.7   457   64.9   61.5
436     61     39.6   17.1   457   64.7   61.3
437    94.7    61.6   29.1   458   64.7   62.3
438     99     54.9   23.3   478   66.3   63.2
439    84.1    49.1    21    458   65.7   60.6
440   116.3    57.4   22.6   469   65.9   61.7
441    42.2    25.6   12.7   451   65.3   59.8
442    77.5    50.7   23.4   444   64.6   59.3
443   125.1    69.5   30.5   481   65.4   63.7
444    62.4     45    20.9   469   65.3   61.8
445   130.6     83    37.4   476   65.6   62.8
446    57.8    36.8   17.7   475   66.1   61.7
447   158.7    95.1   38.3   467   65.7   60.9
448     45     27.8   13.9   472   65.8   60.7
449    46.7    31.3   15.1   456   64.9   59.1
450   128.5    85.3   36.3   462   65.1   61.5
451    108     58.8   26.6   497   66.2   63.2
452    80.5    55.9    25    477   65.8   60.8
453   182.4    110    46.7   492   66.1   62.7
454     96     58.1    27    495   66.8   62.2
455   109.8    71.1   34.3   480   66.3   60.1
456    74.8     40    18.6   500   66.9   61.3
457    48.5    34.6   17.3   464    66    58.1
458    33.5    22.2   11.8   454   65.1   58.2
459     72     53.4   26.3   447   64.8   59.3
460   137.6    89.5   41.6   495   66.2   63.1
461    264    130.8   48.6   512   67.3    62
462   107.5    63.7    27    486   67.2   59.8
463   147.9    75.9   32.7   485    67    59.8
464    197    103.6   40.6   475   66.5   58.6
465    61.1    33.7   17.2   484   66.3   59.7
466    48.2    34.2   17.9   455   65.3   57.3
467   146.3    86.6   37.8   473   65.4   60.6
468    91.6    56.1   26.8   493   65.9   61.7
469    56.8    33.5    17    482    66    60.5
470    85.9    53.4   25.1   478   65.6    60
471    27.9    18.1   10.2   456    65    58.7
472    27.4    19.8   12.1   442   64.4   57.8
473    34.6    24.7   13.5   441   63.7   59.7
474    36.5    25.5   14.5   438   63.5   60.4
475    91.4     57    26.9   485   64.9   63.7
476    54.9    36.2   18.8   474   65.1   61.6
477   129.7    78.1    34    472   64.8   60.6
478   136.5    75.8   32.1   504   65.5   63.8
479    49.8    32.1   15.9   464   64.9   59.9
480   120.4    76.2    35    485   65.2   62.4
481    43.8    30.1   14.9   467   64.9   59.8
482    45.8    32.8   15.8   457   64.4   59.5
483    29.6    19.6    9.8   445   63.9   58.9
484    31.2     20     9.9   443   63.8   59.4
485    30.3    20.5   10.7   442   63.5   59.4
486    43.8    27.7   13.2   462   63.7   60.4
487    38.9    27.6   14.7   458   63.8   60.5
488     68     46.2   23.4   487   65.1   62.4
489    64.6    40.3   19.2   478   65.9    61
490    84.1    46.2   20.3   486    66    61.1
491    41.9    28.9   14.8   464   65.4   58.5
492    33.4    22.1   11.1   451   64.6   57.8
493    32.3    21.1   11.9   448    64    58.3
494    73.1    54.8   27.5   489    65    61.8
495    80.1    51.8   24.5   488   65.7   60.9
496    44.1    28.8   14.5   496    66    60.3
497    23.8    14.1    9.2   462   65.2   57.2
498    17.7     14     8.5   448   64.4   57.1
499    82.4    60.2   30.1   463   64.5   60.5
500    85.2     57    27.5   499   65.5   62.1
501   129.1    71.8   30.5   495   65.7   61.8
502    52.2    39.3   19.1   479   65.6    60
503    52.6    37.3   18.7   477   65.3   59.2
504   113.8    74.9   35.9   482   65.3   60.4
505   115.6     68    29.5   508   66.5   61.7
506    94.9    62.3   28.3   469   65.9   57.7
507    97.4    59.3   28.3   514   66.6   61.2
508   185.4    98.2   39.6   484   66.5   59.3
509    73.6    46.7   21.2   502   66.7   59.3
510   216.3    104    38.1   482   66.5   58.4
511   124.2    61.7   26.5   507   66.6   59.5
512   133.4    81.2   36.1   489   66.4   58.8
513    45.8     26    12.7   490   66.4   58.5
514    54.9    30.3   13.7   468   66.1   57.3
515   162.7    83.8   32.2   474   65.9   58.3
516    20.5    13.1    7.7   459   65.4   56.8
517    54.1     37    17.4   441   64.7   56.8
518   176.4   104.2   45.2   486   65.5   61.8
519    99.9    61.3    27    497   66.1   60.8
520   141.1    86.1   38.5   502   66.6   60.8
521    72.3    49.5   23.5   489   66.7   59.3
522    205    116.5   48.3   501   66.9   59.7
523    77.4    45.4   20.2   505   67.4   59.2
524   125.2    86.9    38    481   66.8   57.4
525   118.4    80.2   35.9   511   67.1   59.5
526   116.7    62.5   28.4   519   67.7   59.3
527   106.3    68.3    31    492   67.1   57.7
528    70.1    44.2   19.8   486   66.8   57.5
529   113.2    61.6   27.2   469   66.4   56.9
530    36.4    23.3   11.2   471   65.8   57.2
531   176.5    90.7   34.9   485   66.1   58.9
532    69.5    43.6   20.1   467   65.4   57.6
533    116     63.2    27    490   65.8   59.9
534    52.5    34.9   16.4   465   65.2   58.3
535   116.2    72.8   31.3   480   65.4   59.9
536    51.1    35.4   17.1   470    65    58.9
537    68.4    48.7   23.6   475   64.8   59.5
538    131     85.3   41.8   497   65.5   61.9
539    28.1    19.7   10.9   483   65.6   60.2
540   112.9    76.2   33.7   467   65.2   59.7
541    55.2    34.4   16.2   485   65.3   60.3
542    86.7    56.3   27.3   471   64.8   59.3
543   102.1    65.1   30.4   508   65.8   62.4
544     43     28.6   14.4   476   65.5   59.4
545    62.4    38.3   19.3   469    65    59.2
546   103.6    73.2   34.9   492   65.5   61.4
547     53     34.3   17.7   497   66.2    61
548    33.3    24.1   13.3   466   65.2   58.2
549    23.8    16.5    9.9   450   64.4   58.5
550    30.7    20.5   11.5   447   63.9   59.3
551    58.9    39.2   18.7   467    64    60.3
552    52.3     39    21.3   488   64.4   61.7
553    73.7    47.8   23.8   494   66.1   61.5
554     37     25.9   14.3   471   65.6   59.5
555    22.3    14.2    8.4   456   64.8   58.7
556    28.2    18.4   10.4   451   64.6   58.6
557    50.1    34.2    18    453   64.2   59.1
558    65.8    43.1   21.2   481   64.6    61
559    56.7    42.9   23.9   482   64.8    61
560    71.5    46.7   22.5   502   66.3   61.5
561   122.5    62.2   25.5   478   66.3   59.9
562    32.2     22    11.4   467   65.7   58.5
563    38.8    24.2   13.3   452   64.8   57.1
564   106.4    62.3   28.8   471   65.1   60.1
565    32.7    21.5   12.3   472   64.9   59.7
566    88.4     62    30.8   462   64.4   59.9
567    91.5    57.5   27.6   496   65.4   62.2
568   151.1    76.1   28.9   496   65.9   61.6
569    48.5    32.1   16.4   466   65.5    59
570   140.9    85.9   37.8   493    66    61.1
571   161.9    92.7   38.4   486   66.2   60.3
572    59.4    36.9    18    487   66.4   59.8
573    59.5    41.6   21.9   472   65.6   58.1
574   117.2     74    35.6   500   66.5   60.8
575    46.4    30.8   16.2   474   66.2   58.3
576   139.6     86    39.5   485   66.3   59.5
577    48.4    31.4   16.7   481    66    58.7
578   115.5    70.3   31.8   473   65.7   58.6
579    82.8    49.7    24    491   66.1   60.2
580    72.2    48.9   23.9   475    66    59.1
581   118.7    74.3   33.6   503   66.7   60.7
582    81.8    56.8   26.6   482   66.4   58.5
583   113.3    65.3   28.2   499   67.1   59.6
584     64     33.2   14.2   469    67    57.3
585    46.5    25.2   12.5   460   66.4   56.6
586   119.1    76.5   34.1   467   66.2   57.5
587     57     36.9   17.8   481   66.2   58.1
588    33.4    21.3   10.7   453   65.1   56.7
589     74     52.4   27.3   454   64.9   58.2
590   115.7    68.9   30.5   492   66.8   60.4
591    71.2    49.3   23.8   469   66.5   57.7
592   172.1    97.9   41.3   490   66.8   59.6
593   103.5    65.4   29.2   476   66.8    58
594   103.8    68.2   31.7   490   67.1    59
595   107.3    66.6   29.9   484   67.2   58.2
596    28.7    17.5    9.2   469   66.1   56.2
597    17.6    11.7    6.7   436   64.9   55.1
598    16.3    10.6    6.6   424   64.2   56.2
599     68     49.6   25.3   450    65    59.7
600    99.3    54.2   22.8   475   66.2   59.6
601   196.5    89.3   33.4   480   66.5    60
602   151.9    86.1   34.9   481   66.7   59.6
603    46.2    29.7   14.9   478   66.7   58.3
604   120.6    77.5   34.6   467   66.1   56.7
605   114.8    70.2   30.4   490   66.9   59.3
606    216    109.2   41.3   477   67.2   58.1
607    51.2    31.9   14.6   475    67    56.7
608    91.9    60.3   25.7   449   65.8    55
609   167.6    93.3    41    483   66.7   59.6
610    43.6    26.5   12.9   475   66.5   57.1
611    45.4    25.5   11.8   459   65.6    56
612   100.1    67.8   36.7   472   65.7   58.4
613    91.8    60.3   28.3   496   67.2   58.9
614    44.4    29.6   14.6   473   66.5   56.5
615    64.7    49.4   25.5   459   65.9   56.2
616    96.7    64.1   31.4   502   67.4   59.3
617    72.8    48.4   21.9   473   67.2   56.7
618    88.7    53.1   23.4   480   67.3   57.4
619    46.9    32.5   15.1   456   66.4    55
620    74.7    47.6   21.7   467   66.4    57
621    88.7    60.9   28.5   463   65.9   56.3
622    79.2    51.2   25.2   484   66.4   58.9
623    39.9    27.4   13.5   457   65.8   56.2
624   204.6   121.9   49.4   468   66.1   58.6
625    67.8    40.9   18.9   471   66.4   57.8
626    63.2    37.8   16.2   465   65.8   56.7
627    81.5    54.9   26.5   456   65.2   56.6
628   177.3    93.1   37.5   487   66.9   59.2
629    82.1    53.2   22.4   474   66.9   57.4
630   137.5     85    35.1   470   66.5   56.8
631   100.7    61.1   26.6   487    67    58.4
632    65.3    41.5   18.7   462   66.4   55.9
633    95.7    42.8    19    467   66.4   56.5
634   113.7    60.1   25.4   458   65.8   55.6
635     90     48.8   20.2   474   66.1   57.5
636    46.5    33.7   16.6   446   65.1   55.1
637   123.9    77.2   34.8   473   65.9   58.9
638    88.4    53.5    22    473   66.4   57.6
639   133.4    73.1   30.7   473   66.5   57.6
640    62.4    43.2   19.7   465    66    55.8
641    40.3    26.3   12.2   454   65.2   55.5
642    91.1     67    32.7   454   65.3   57.3
643    76.7    44.9   21.7   476   66.8   58.2
644     51     33.4   15.4   458   66.2   55.4
645    91.3    66.7   32.8   467   66.2   56.4
646    105     68.7   30.4   490   67.7   57.6
647    52.8    35.6   17.3   459   66.8   54.4
648    31.6    20.7   10.2   445   65.9   53.6
649    42.6    32.6   17.2   439   65.4   54.2
650    90.3    63.9   30.8   480   66.6   58.4
651     49     32.7   15.5   464   66.6   56.6
652    50.3    35.2    17    463   66.1   55.1
653    23.8    16.3    7.7   446   65.4   54.7
654    74.3    54.8   27.3   463   65.8   56.6
655    41.7    27.5   13.9   468   66.5   56.3
656    39.9    28.7   14.6   459   65.9   54.9
657     38     23.8   11.8   448   65.3   54.7
658    26.4    17.2    9.2   447   65.2   55.3
659    83.4    60.4   29.8   471   65.6   57.2
660    27.9    19.9   10.1   472   66.4   56.8
661    22.7    16.9   10.6   444   65.4   53.4
662    40.4    28.8   15.3   437   64.9   54.4
663    51.1    34.7   17.4   445   64.6   55.6
664    92.5    57.4   25.8   461   64.9    57
665    51.1    34.7   17.8   460    65    56.7
666    75.5     55    27.8   480   66.3   57.9
667    67.9    45.9   22.3   470   67.3   56.9
668    98.8     66    29.2   463   67.3   56.4
669    35.7    26.7   13.9   459    67    54.9
670   104.9    74.8   33.5   468   66.6   54.9
671    90.8    58.7   27.6   489   67.1   57.2
672    40.9    29.4   14.9   463   66.6   54.6
673   130.5    81.4    37    474   66.7   55.8
674    29.3    17.4      9   473   67.3   55.4
675   132.2    71.6   29.5   464   67.3   54.9
676    40.5    24.2   11.4   452   66.6   52.9
677   120.2     81    38.5   465   66.6   55.2
678    44.9    29.6   14.7   468   66.6   54.5
679     55     39.9   20.5   452   65.8   53.5
680    70.4    49.5   25.1   470   66.8   56.7
681    27.6    21.6   11.1   458   66.8   54.6
682    64.3    44.4    21    445   65.8   53.6
683   133.6    87.2    39    475   66.8   56.9
684    63.8    40.6   20.1   474    67    55.9
685    44.6    28.6   14.2   458   66.2   54.1
686    61.7    45.7   25.4   463   66.5   55.6
687     52     34.5   17.5   473   67.8   55.3
688    45.9    29.2   14.7   457   66.7   53.6
689    51.6    39.4   20.5   449   65.9    54
690    80.1    56.5   26.5   485   67.3   56.7
691    41.2     27    14.5   457   66.9   54.2
692    45.3    34.5   17.7   455   66.2   54.1
693   100.8    66.2   33.4   491   67.3   56.6
694   122.2     79    35.1   480   67.9   55.9
695    59.2     38    18.8   474    68    55.2
696    36.8    25.7   12.6   459   67.4    54
697    72.4    55.6   28.1   459    67    53.7
698    47.4     30    14.8   481   67.8   55.6
699   227.7   127.6   47.9   469   67.8    55
700    61.7    38.9   17.7   469   67.8   53.9
701   141.6    93.6   40.3   464   67.5   54.1
702    53.3    36.9   16.8   477   67.9   54.3
703   179.4   106.6   44.2   463   67.3   53.3
704    86.5    48.1   20.1   479   67.7   54.5
705   154.1    84.4   31.8   466   67.7    54
706    34.2     23    11.5   459   67.1   52.5
707    25.8    18.3    9.6   436    66    52.2
708    30.1    20.6   10.3   429   65.3   53.6
709    35.1     22    10.6   432   65.2    54
710    47.4     34    18.1   453   65.6    55
711    77.9    53.6   24.9   476   66.7    57
712    37.8    25.8   12.7   459   66.4   54.7
713    15.7    10.8    5.6   440   65.9   53.5
714    32.1     23    12.7   434   65.5   53.5
715   103.8    75.7   35.4   475   66.6   56.9
716    64.5    42.6   19.5   476   67.2   56.2
717    33.4    23.7   11.9   455   67.1   54.4
718    79.5    53.9   24.3   449   66.3   52.7
719   128.9    85.5   40.3   473   66.6   55.3
720   127.2    83.2   38.6   494   67.3   56.8
721    46.8    30.3   15.3   469   67.5   54.6
722    28.8    20.8    9.6   447   66.6   51.8
723    19.3    12.5    6.5   432   66.3    52
724    67.2    49.2   25.3   455   66.6   54.4
725    71.8    46.2   21.8   469   67.3    55
726   118.7     74    32.5   454    67     53
727    31.9    21.1   10.4   464   67.2   53.3
728    52.8    36.6   18.1   450   66.6   51.4
729    29.4    18.9   10.1   444   65.9   51.4
730    97.7    69.3   35.5   466   66.8   54.2
731     81      59    27.8   481   68.3   54.5
732    99.8    67.8   31.5   455   67.6   51.7
733   167.4   106.9   47.1   485   68.3   54.7
734    45.7    31.6   15.9   461   68.2   51.4
735    39.4    27.4   13.6   450   67.3   50.1
736    57.2    31.1   14.6   445   67.2   50.9
737    41.4    28.5   15.3   457   67.2   51.9
738    80.6    56.5   26.9   477   67.9   53.6
739    77.4    50.1   22.4   469   68.1   52.7
740    74.5    49.7   23.1   471   68.3   52.6
741    44.7    31.4   15.9   458   67.6   50.5
742    20.7    14.4    7.5   441   66.8   50.2
743     84     60.5    32    465   67.5   52.8
744    83.9    55.3    25    485   68.4   53.4
745     87     59.7   28.7   459   67.8   50.8
746   138.7    83.6   38.1   483   68.7   53.4
747   101.8    61.1   26.8   473   68.7   51.3
748   136.2    77.4   32.2   473   68.9   52.2
749    27.3    16.3    7.9   452   68.5   49.8
750   135.2     85    37.3   451   67.9   50.1
751    84.1    51.2    23    470   68.6   51.6
752   117.3    72.1   31.6   468   68.5   51.1
753    48.5    30.1   13.1   457   68.5   50.1
754   162.2    95.7   38.5   455   67.9   49.5
755    83.6    49.4   21.5   472   68.5   51.3
756    54.5     37    16.3   453   67.6   48.5
757    33.2    21.1    9.9   441   66.9   48.4
758    43.2    29.9   16.1   433   66.2   48.5
759    90.3     59    27.6   475   67.7   53.4
760    47.8    32.2   15.7   456   67.5    50
761   102.1    66.5   30.8   475    68    52.1
762    61.4    43.8    21    465   67.8   50.1
763    30.3    16.5    7.8   447    67    48.8
764    56.5    40.8   21.6   438   66.7   49.1
765    60.8    39.3   18.2   477   68.1   52.4
766    31.6    21.6   10.8   445   67.4   48.1
767    22.9    14.4    7.4   436   66.6   47.7
768    88.7    61.5   30.4   458   66.9   50.6
769    89.7    58.8   27.8   484   68.3   52.4
770    52.5    37.1   17.5   458   67.9   49.2
771   105.4    69.4   32.6   470   68.2   50.4
772    73.2    42.2   18.8   470   69.1   50.4
773   111.6    67.3    29    462   68.9   49.2
774     55     36.7   16.6   465   68.4   47.7
775    45.1   32.5   14.6   451   67.7    46
776     88    63.5    31    457   67.7   48.6
777    40.9   26.3   10.7   464   68.4   48.9
778    27.9   16.4    7.9   440   67.1   44.7
779    37.7   24.3   11.4   434   66.6   45.6
780    61.8   41.7   18.6   440   66.4   47.3
781    52.3   33.8    16    470   66.7   49.4

782    65.2   44.6   23.3   469   67.1   49.5
783    41.1   25.7   11.8   468    68    49.9
784    19.7   13.4    6.4   445    67    46.1
785    29.9   20.6    9.6   438   66.3   46.2
786     28    16.6    7.5   436   65.8   47.4
787    40.8   27.1   12.2   439    66    48.2
788    77.5    52    26.5   472   66.8   50.5
789    98.9   60.7    28    478   67.9   51.7
790   147.3    84    34.4   475   68.1   50.9
791    57.9    33    15.2   477   68.5   50.3
792    97.2    68    28.7   459   67.8   47.4
793     88    50.2   22.4   479   68.7   50.1
794    45.5   28.8   13.9   452   68.3   46.2
795    89.6   65.1   30.5   467   68.2   47.4
796    62.9   39.8   18.3   475   68.6    48
797   115.6   71.9   30.1   477   68.9   48.8
798     48    29.4   13.8   460   68.3   45.5
799    39.1   23.1   10.3   450    68    45.8
800    31.8   22.7   10.5   439   67.2   43.7
801   106.1   69.4   30.6   451   67.1   47.3
802    27.6   17.6    8.5   459   67.4   47.4
803    28.5    19     9.8   441   66.5   43.7
804    27.4   17.7    8.8   439    66    45.3
805    27.3   17.9    9.3   437   65.9   45.4
806    67.4    43    20.3   464   66.9   48.7
807    43.5   29.3   13.3   455   67.2   46.8
808     61    32.6    14    459   67.3   47.5
809    68.4   45.4   21.5   446   66.8    45
810    94.3   61.5    26    482   67.8    49
811    53.3   37.4   17.3   463   67.6    46
812    54.9    39    18.5   456   67.4    46
813    93.8   62.9   30.4   473   68.3   48.5
814   121.5   79.2   35.1   473   69.1   48.5
815    65.4   40.1   18.5   468   69.2   47.5
816   103.8   72.5   29.3   461   68.7   45.1
817    64.6   39.3   17.4   478   69.1    47
818    44.5    31    14.5   454   68.4   43.9
819    30.7   17.4    8.5   435   67.7   43.3
820    36.4   26.3   14.2   438   67.5   44.4
821    66.7   43.2   19.8   471   68.4   47.5
822    29.1   18.6    8.9   452   67.9   44.8
823   126.1   80.1   32.8   453   67.7   45.3
824    43.7   26.9   12.2   472   68.1   46.8
825    30.2   16.9    8.3   442   67.2   43.7
826     35    22.5   10.4   430   66.9   44.2
827    96.3   71.8   33.7   462   67.4   47.2
828    93.2   62.2   28.2   483   68.5    48
829   117.8   77.2   33.5   473   68.9   47.1
830    39.2   27.4   12.6   456   68.4   43.5
831   129.1    82    36.9   460   68.5   45.6
832    55.5   41.1   17.6   458   68.4   43.3
833    28.3   19.1    8.9   440   67.4   42.1
834    54.8   41.3    21    436    67    42.7
835    83.1   59.3   28.1   491   68.6    48
836    79.4   48.1   22.5   454   68.3   43.5
837    85.4   52.1   21.5   472   68.9    46
838    55.5   39.2   18.1   457   68.3   42.8
839    61.6   39.1   17.2   445   67.9   42.7
840    91.1   58.8   26.7   461   68.1   45.1
841    103    61.8   30.1   477   68.8   46.1
842   105.2   63.6    27    470   69.8   45.2
843   130.9    84    38.4   469   69.6   44.6
844    50.7   33.6   15.1   470   69.7   43.7
845    46.2   30.9   14.5   450   68.6    41
846    25.7   15.2    7.1   435   67.7   40.9
847    37.1   26.9   13.3   435   67.6   42.1
848     84    52.1   25.4   477   68.8   45.2
849    55.6   38.2   17.9   468   69.1   43.5
850     36    20.7    8.9   448   68.3   41.6
851    86.9   59.9   27.6   458   68.3   43.4

852    82.1   50.1   22.5   482   69.5   44.9
853    85.5   55.7   24.7   458   69.2   42.6
854    95.1   63.5   27.5   485   69.6   44.7
855    84.1   61.4   28.3   464    69    41.8
856   131.5   76.1    32    491   69.5   45.1
857    44.4   30.5   13.7   454    69    41.4
858   105.9   71.6   32.3   465   68.9   43.2
859    47.7   33.1   15.7   461   68.7   41.2
860    39.4   28.3   13.2   449   67.9   40.4
861    14.1    8.3    4.5   432   67.3    40
862    58.7   41.2   21.2   439   67.2   41.1
863    93.4   64.3   30.5   484   68.7   45.9
864   101.8    67    28.4   477   68.9   44.1
865    24.3   14.9    7.6   464   68.6   42.4
866    16.6   12.6    6.5   434   67.4   38.6
867    14.3    9.7    4.8   419   66.8   39.6
868    25.3   17.1    8.1   425   66.7   40.8
869    70.8   50.6   23.9   466   67.4   43.8
870    62.8   42.3   19.2   469    68    43.9
871    78.5   51.5   23.7   472   68.3   44.4
872    87.8    45    18.7   453   68.2   42.1
873    20.6   12.5    6.1   450   68.1   41.9
874    13.6    9.1    4.9   429    67    38.8
875    35.2   27.7   13.6   425   66.5   39.7
876     91    58.1   27.2   476   67.8   44.9
877    73.4   49.4   23.5   466   68.3   42.8
878    83.3   54.4   23.6   479   69.1   44.2
879   141.7   83.7   33.7   468   69.4   43.3
880     51    27.3   12.3   458   69.3    41
881    37.9   24.5   11.3   442   68.3   38.4
882    29.2   19.4    9.3   442   67.7   39.4
883    95.4   68.1    35    458   68.3   41.9
884    75.5   49.5    23    478   69.4    43
885     44    27.5   12.7   456   68.7   39.8
886     63    44.9   20.7   441   68.3   39.5
887   102.6   72.7   33.2   489    69    44.2
888    58.8   39.2   18.4   471   69.1   42.3
889   105.8   60.3   28.3   475   69.2   42.8
890    36.3   27.1   13.1   459   68.8   39.7
891    68.2   49.8   23.8   455   68.3   39.7
892    96.2   61.3   29.6   495   69.2   43.8
893    31.1   21.3   10.4   467   68.9   40.4
894   118.7   78.8   34.7   463   68.6   40.7
895    95.7   63.3   28.1   496   69.4   43.4
896   120.6   74.7    32    468    69    40.7
897    32.5   18.8    9.2   473   69.1   40.8
898    32.4   22.6   11.1   447   68.1   38.1
899    39.1   27.8   13.6   434   67.6   38.5
900    66.1   49.4   24.6   467   68.2    42
901    38.3   27.4   14.2   468   68.6   41.5
902    28.9   18.6    9.5   453   67.9   39.4
903    29.4   22.8   12.7   439   67.6   39.3
904   110.1   70.2   31.8   487    69    43.1
905   114.6   70.4   31.2   491   69.5    43
906    43.3   30.2    14    468   69.4   41.1
907    67.7   44.2   19.8   456   68.6   38.9
908   115.5   73.4   35.6   479    69    41.7
909    74.3   48.6   22.5   479   69.9   41.2
910    52.6   37.9    18    461   69.2   38.6
911     95    62.9   31.9   479   69.7   40.8
912    61.9   39.2   19.1   476   70.2   39.6
913    37.7    26.1   12.9   463   69.4   37.9
914    57.5    41.1   20.2   450   68.8   37.6
915    64.9    43.6   20.4   493   69.8   41.5
916    35.9    25.4   12.2   463   69.3   38.3
917    24.9    17.1    8.4   442   68.7   36.5
918    76.1    54.9    28    461   68.7    39
919   107.4    72.3   32.6   489   69.6   41.5
920    89.5    59.5   26.6   481   69.6    40
921    60.6    41.4   19.4   484   69.7   40.5
922    14.3     9.6    4.8   446   68.8   36.1
923    15.3    11.1    5.4   427   68.1   35.8
924    90.9    64.2    31    455   68.4   39.4
925    60.6    41.7   18.7   482    69    40.5
926    124     80.5    35    474   68.7   39.9
927     75     42.3   19.6   485   69.2   40.5
928    49.4    36.8   16.4   462   68.4   37.9
929     24     14.8    7.2   443   67.9   37.6
930     27     19.7    9.8   438   67.5   37.5
931    99.7    74.2    35    481   68.1   41.1
932    81.9    55.2   26.1   500   68.9    42
933    51.6    30.5   13.9   480    69    40.5
934    52.2    37.7   17.8   462   68.6   38.9
935   115.1    81.3    37    478   68.7   40.3
936    28.3    17.3    8.5   486   69.3    41
937    33.2    23.3   11.2   443   68.3   36.4
938   123.6    81.8   37.7   472   68.7   40.4
939   103.2    67.2    30    491   69.7   40.9
940   120.5    79.9   35.5   489   69.7   40.3
941    35.2    21.1    9.7   480   69.8   39.2
942    24.4    16.2    7.6   440   68.7   35.8
943    43.5    31.8   16.5   440   68.2   36.6
944    71.3    47.9   22.6   484   69.2   40.9
945    39.8    28.6   13.4   461   68.7   37.9
946   120.9    78.9   34.2   463   68.6   38.8
947   146.2    82.8   34.4   497   69.9   41.2
948    159      86    33.3   485    70    40.1
949    63.9    40.5   17.7   475   69.7   38.3
950    51.5    35.2   16.2   459   68.9   36.9
951   141.2    88.6   41.3   490   69.6   40.2
952    63.9    44.4   20.9   484    70    38.6
953     36     24.2   10.5   459   68.9   36.7
954   107.3    69.5   34.2   465   68.8   38.5
955    71.7    44.1   19.8   500   69.9   40.3
956    61.5     41    19.5   461    69    36.7
957   153.6   104.3   45.5   489   69.4   40.3
958    96.7    65.2   29.1   508    70    40.4
959    97.4    68.6   32.1   479   69.6   38.5
960    45.2    25.6   12.8   485   70.2   38.5
961    32.2    21.9   10.4   450   69.1   35.4
962    32.7    24.1   12.4   436   68.3   35.8
963   114.4    73.9   34.9   486   69.1   40.3
964    62.1    39.4   19.5   489   69.3   39.1
965    39.6    26.3   12.8   473   68.7   37.9
966    55.5    39.1   19.6   462   68.6    38
967    70.7    45.3   21.2   502   69.7   40.4
968    37.8    27.7   13.4   470   69.4   37.8
969    99.1    69.3   31.8   487    69    38.5
970    103     67.9   31.1   521   69.7   40.7
971     52     34.4   16.5   485   69.2   38.5
972     82     53.7   27.8   481   69.2    39
973    57.9    35.4   16.3   493   70.1   38.8
974    52.5    37.7   16.9   477   69.3   37.3
975    65.3    49.5   23.8   465   68.8   37.4
976    72.3    50.6    25    504   69.9   40.3
977    51.2    35.9   17.1   465   69.3   36.9
978   117.3    72.5   32.5   493   69.4   39.6
979   101.4    63.5   28.5   496   69.6   39.3
980    69.7    50.9    24    476   69.1   37.6
981   111.3     72    34.6   502   69.5   40.3
982    78.1    53.5   24.2   505   70.3   39.5
 983    93.8    63.1   30.1   499   70.4   39.3
 984    66.1    43.3   19.1   476   70.2   37.6
 985    118     67.3   27.5   491   70.4   38.9
 986    97.5     62    26.6   478    70    37.5
 987    67.3    44.8   19.8   485   69.7   38.1
 988    90.2    60.2    26    492   69.7   38.8
 989    25.9    18.6    9.3   460   68.9   37.1
 990    45.9    31.5   15.8   456   68.3   36.8
 991   112.6    69.4   35.2   491    69    39.9
 992     51     32.8   16.8   491   69.5    39
 993   372.3   188.6   64.5   497   69.4   39.3
 994     53     34.9   17.2   486   69.1    38
 995    30.3     20     9.3   458   68.3   36.7
 996    13.2     7.7    4.8   427   67.7   36.4
 997    29.5    18.5    9.3   437   67.7   37.4
 998    34.7    25.5   13.4   461   67.3   38.2
 999   113.8    67.6    31    506   68.6   40.5
1000   135.7     77    32.6   497   68.8   39.7
1001   105.6    61.5   27.3   512   69.5   40.6
1002    85.9    57.2   26.1   475   69.1    38
1003   136.6    87.2   39.8   516   69.7   40.2
1004    60.8    40.7   19.2   484   69.3   37.8
1005   212.7   128.9   51.9   489   69.1   38.9
1006   129.4    83.9   38.6   526   69.7   40.8
1007    99.3    66.6   29.9   511   70.1   39.3
1008    48.1    33.1   15.2   484   69.5   37.7
1009   140.2    75.7   32.2   488   69.3   38.1
1010    23.6    15.8      8   483   69.3   37.7
1011    88.2    60.3   28.3   463   68.6   36.5
1012   157.2    91.4   41.1   519   69.3   40.6
1013   165.2    98.8   42.1   538   69.9   40.8
1014    53.2    33.3   16.3   488   69.6   37.7
1015    28.5    19.7   10.4   467   68.6   36.5
1016    24.5    17.7    8.8   445   68.2   36.5
1017    47.4    32.1   15.6   462   67.7   37.5
1018    58.7    44.5   22.2   480    68    38.6
1019     97     61.5   27.5   515    69    40.8
1020    47.9    34.4   16.6   488   68.6   38.9
1021    45.5    33.1   16.4   466    68     38
1022     89     64.8   32.6   510   68.9   40.5
1023    110     68.1    32    522   69.8   39.8
1024    76.2    45.3   20.3   523   69.9   39.7
1025   111.9    66.6   28.5   470   69.1   38.4
1026   142.7    79.3   32.8   515   69.5   40.3
1027    46.2    30.9   14.5   482    69    38.8
1028   125.1    84.8    40    499    69    40.1
1029    70.9    41.5   20.6   517   69.5   39.9
1030    35.3    24.5   12.1   476   68.6   38.8
1031     41     28.2   14.3   451   67.8   38.6
1032   129.5    85.4   40.5   519   68.8   41.5
1033   105.1    60.8    27    538   69.5   41.1
1034   145.9    87.3    39    516   69.6   40.6
1035    89.1    56.2   25.1   519    70    40.3
1036   350.1   196.5   67.8   505   69.6   39.7
1037    54.1    32.5   14.7   523   69.8   40.1
1038    46.4    31.4   14.4   467   68.7    38
1039    51.8    35.5   18.1   456   67.9   38.6
1040    145     91.4   42.1   529   69.1   41.9
1041   134.7    85.1   36.3   507   69.2   40.6
1042    88.7    53.1   24.4   531   69.5   40.8
1043   153.4   103.5   45.1   507   69.2    40
1044    80.5    53.5   24.5   539   69.8   40.5
1045    58.4    40.2   18.5   493   68.9   38.9
1046    38.9    29.4   14.7   458   67.7   38.2
1047   130.8    83.9   38.9   520   68.9   41.4
1048   119.8    79.4    35    537   69.7   41.2
1049   136.1    89.9   39.2   537   69.7   40.9
1050    56.5    38.8   17.5   521   69.6   39.7
1051    130     84.8   37.4   505   69.2   39.2
1052    67.5    45.1   19.4   530   69.3    40
1053    76.2   54.5   24.6   496   68.8   38.7
1054   126.1   82.2   35.7   527    69    40.8
1055   108.9   75.1   33.1   526   69.2   40.5
1056    76.7   52.5   24.3   536   69.4   40.8
1057   116.8   79.7   36.4   504    69    39.3
1058    74.3   45.3   21.2   545   69.4   41.2
1059     72    48.7   22.6   475   68.9   38.4
1060    42.8   28.1   12.9   494   68.7   39.1
1061    87.1   59.7   28.1   470   68.3   38.2
1062   119.9   78.6   36.1   537   68.8   41.4
1063    74.4   50.7   22.9   502   68.6   39.4
1064    70.2   43.4   20.6   507   68.5   39.7
1065    47.7    32    15.3   479   67.8   38.8
1066   102.1   77.9   36.5   485   67.6   40.2
1067   103.9   69.4   32.4   549   68.8    42
1068    101    72.9   34.9   508   68.4   40.2
1069    95.8    60    25.5   554    69    41.7
1070    56.8    42    19.6   491   68.4   39.2
1071   125.1    82    36.8   499   68.2   40.1
1072    49.9   33.1   15.9   539   68.8   41.4
1073    83.3   60.1   29.9   480   67.9   39.5
1074     86    60.2   27.6   549    69    41.8
1075    52.3   36.8   18.1   494   68.2   39.6
1076   122.8   87.1   41.9   516   68.2   41.4
1077   123.8   81.7   37.2   571   69.4   42.6
1078   117.8   80.1   35.3   512   69.3   40.5
1079     48    34.5   16.4   528   69.5   40.7
1080    52.5   36.8   18.2   499   68.8   39.4
1081   102.7   72.7   35.3   497   68.7   40.4
1082   131.7   80.7   36.4   544   70.2   41.3
1083    94.1   67.1   31.3   527   69.9   40.1
1084   113.2   72.6   35.9   546   70.1   40.7
1085     54    34.7    16    518   70.1   39.6
1086    48.7   36.2   17.7   490    69    38.6
1087    23.4   15.4    7.4   456    68    38.6
1088    40.4   24.2   11.5   460   67.8   39.3
1089    84.8   55.6   27.7   517   68.4   41.5
1090    98.9    67    31.1   543   69.1   42.2
1091   110.4   66.2   29.4   533   69.2   41.6
1092    44.9   32.8    15    517   68.9   40.5
1093    52.7   38.6   19.7   474   67.9   39.5
1094    103    71.4   33.7   542   68.6   42.6
1095    42.9    29    14.7   506   68.3   40.7
1096    30.9   22.2   10.7   477   67.6   40.2
1097    33.9   23.1   11.4   466    67    40.5
1098    26.4   14.6    7.9   455   66.3   40.8
1099     77    57.1   30.4   513   67.4   43.2
1100     94    61.4   29.1   555   68.6   43.3
1101    65.8   45.4    22    523   68.5    42
1102    77.3    56    26.9   539   68.7   42.6
1103    95.1   64.4   32.4   522   68.8   41.9
1104    40.1   27.5   13.8   518   68.6   41.6
1105    79.5    60    30.5   476   67.8   40.9
1106    88.2    62    30.7   556    69     43
1107     54    39.3    20    516   68.5   41.6
1108    65.5   49.6    26    492   67.8   41.5
1109   104.8   68.8   33.7   571   69.3   43.5
1110    46.8   32.5   16.2   506   68.7   41.1
1111    15.5   10.4    5.5   466   67.6   40.7
1112    69.9    52    28.9   482   67.7   42.3
1113    72.1   49.1   24.3   558    69    43.3
1114    47.5   34.1   17.2   505   68.6   41.7
1115    55.1   35.4   18.1   484   68.3   41.4
1116    102    72.1   35.5   554   69.1   43.4
1117   123.6   78.7   35.5   569    70     43
1118   102.2   67.9   28.5   524   69.6   41.5
1119    118    60.3   25.5   529   69.7   41.7
1120   113.9   66.6   29.1   487   68.7   40.2
1121    112    67.1   28.2   529   69.1   42.2
1122    22.8   15.4    8.5   479   68.2   40.3
1123    79.2   55.2   27.7   456   67.7   40.8
1124    68.6    46    22.2   533   68.5   43.5
1125     44    30.6   14.3   488   67.9   41.6
1126   118.6   82.7    41    507   67.9   42.9
1127    57.5   33.6   16.2   534   68.8   42.8
1128   135.3   80.8   34.6   500   68.3   42.4
1129    49.1    34    16.1   527   68.6   42.6
1130    50.6   34.8   16.9   498   67.9   41.8
1131     90    60.1   30.4   508   68.1   42.8
1132     46    30.3   14.7   522    69    42.6
1133     55    37.7   17.8   493   68.2   41.4
1134    37.3   26.4   12.8   469   67.4   41.2
1135     77    53.8   28.2   519   68.3   43.7
1136     15    10.8    5.5   492   68.4    42
1137    95.7   64.9   30.5   476   67.8   42.1
1138    23.9   16.2    8.3   508   68.2   42.8
1139   120.9   79.5   35.6   501   67.9    43
1140    57.6   38.9   19.2   522   68.3   42.9
1141    75.5   50.7   24.2   503   67.8   42.5
1142   117.7   79.1   35.4   532   68.6   44.2
1143    70.7   48.8   22.4   515    69     43
1144   104.7   76.3   37.4   512   68.6   42.7
1145    40.3   29.2   14.5   521   69.2   42.3
1146    45.6   32.3   15.6   485   68.1   41.2
1147    92.9   71.2   35.9   502   68.1   43.1
1148    92.7   63.7    29    539   69.6   43.1
1149   128.8   87.3   38.3   534   69.7    43
1150    48.8   33.4   16.7   506   69.3   41.6
1151   135.1   83.6   33.2   476   68.2   40.8
1152    99.1   61.8   25.8   513   68.7   43.1
1153    55.6   35.4   16.1   487   68.5    42
1154   123.8   78.7   33.8   498   68.3   42.5
1155    33.4    23    11.5   493   67.8    42
1156   107.3   74.3   34.7   499   67.7   43.3
1157    40.7   29.9   14.9   504   67.7   42.7
1158   105.8    74    34.6   507   67.4   43.4
1159    45.7   26.8   12.8   532   68.4   44.2
1160    26.8   20.5   11.4   469   67.4   41.5
1161    77.4   56.3   26.3   477   66.8   43.1
1162    60.8   41.2   18.4   516   67.7   44.6
1163    31.9   23.3   11.6   489    67    42.8
1164    14.5   10.3    5.3   459   66.3   42.2
1165    35.5   27.7   14.3   462   65.9   42.9
1166    68.5   46.3   21.8   510   67.1   45.5
1167    60.4   40.7    19    492    67    43.7
1168    76.4   48.3    24    508   67.3   44.6
1169    42.1   31.4   15.3   489   66.8   43.2
1170    92.3    67     34    504   66.8   44.4
1171    91.8   61.5   28.9   545   68.5   45.1
1172   102.7   59.2   26.4   497   67.6   42.8
1173    97.6    63     30    544   68.5   44.7
1174    87.9   57.5   24.7   500   68.2   42.3
1175   108.6    63    27.2   522   68.5   43.6
1176    54.7   36.8   17.2   497   67.7   42.1
1177   115.8   77.3   36.2   495   67.5   42.9
1178   106.8   71.3   32.7   546   68.3   44.8
1179    65.9   47.2   23.4   493   67.6   42.5
1180   131.8   88.1   41.8   529   68.3   44.6
1181    67.7   43.3   20.1   522   68.6   43.6
1182    37.4   24.8   13.1   486   67.7   41.7
1183    96.7   63.1   31.5   500   67.6   43.2
1184     77    50.8   24.1   532   68.5    44
1185   103.8   65.9   30.4   493   67.8   42.5
1186    66.3   38.8   18.4   520   68.5   43.5
1187    94.9   69.2   32.1   490   67.6   42.3
1188    85.5   51.9   22.9   534   68.5   44.2
1189     25    19.1   10.8   476   67.5   41.2
1190    69.8   53.6   26.9   465    67    42.1
1191     85    56.3   26.2   516    68    44.5
1192   114.1   69.8   32.2   505   68.3    44
1193    34.5    26.6   14.5   484   67.6    42
1194     32     24.1   13.2   472   66.5   42.1
1195    35.4    26.7   13.7   464   65.9   42.9
1196     94     64.4   30.4   496   66.8    45
1197    32.3    24.4   13.3   495   67.3   43.7
1198    24.3    18.8   10.4   473   66.3   42.5
1199    32.8    24.4   14.3   460   65.7   42.8
1200   102.8    69.2   32.4   499   66.9   45.7
1201    62.5    42.9   20.7   490   67.3   44.1
1202    90.7    62.3   29.8   504   67.7   44.7
1203    48.3    34.3   17.5   487   67.4   42.9
1204   141.4    87.3   39.8   495   67.4   43.7
1205    78.1     52    24.7   509   67.9   44.2
1206    88.7    61.2   30.2   488   67.7   43.4
1207    36.7    25.4   13.4   492   67.4   42.8
1208   119.2    75.6   31.8   496   67.7   43.6
1209    52.1    38.6   18.9   485   67.2   42.3
1210    83.6    59.3   29.3   509   67.8   44.1
1211    28.9    18.9   10.4   479   67.6   42.1
1212     99      64    30.3   476   66.7   42.2
1213    88.1    54.8   26.5   505   67.5   44.9
1214    95.4    61.1   28.9   486   67.2   43.2
1215    48.5    32.8    17    497   67.5   43.1
1216   218.6   129.3   50.5   478   66.9   42.5
1217   137.4    76.1   28.7   506   67.8   44.5
1218   122.6    78.6   34.4   469   66.8   42.1
1219    62.5    40.6    19    497   67.4    44
1220   120.6    81.4   37.9   484    67    43.1
1221     59     38.5   17.8   502   67.8   44.2
1222    51.5    30.4   15.4   471   66.8   41.9
1223    47.5    35.9   17.9   467   65.9   42.8
1224   103.2     69    34.1   486   66.6   44.8
1225    37.9    24.9   12.7   494   67.4   44.3
1226    47.6    35.2   17.3   473   66.4   42.6
1227    59.4    45.3   24.5   479   66.2   43.8
1228    60.8    42.4   20.5   499   67.6   44.5
1229    39.3    28.2   14.4   476   67.2   42.9
1230   195.4   121.3   45.9   476   66.7    43
1231   338.7   159.2   53.7   506   67.9   44.7
1232    86.7    55.4   23.6   480   67.6   42.8
1233   223.4   137.7   53.7   490   67.4   43.5
1234   192.2   113.8    45    510   68.4   44.6
1235   110.1     74    32.2   483    68    42.5
1236    72.6    47.6    21    495   68.3   43.1
1237    93.8    63.4   27.1   476   67.4   41.6
1238   128.8    78.3    33    494   67.8   43.7
1239     45      33    15.3   478   67.1   41.8
1240    20.9    13.1    7.1   456   66.4   41.5
1241     38     28.5    14    450   65.7   41.9
1242   106.6    72.9    35    483   66.7   44.9
1243    68.7    48.6    22    486   67.7   43.8
1244    93.7    69.2   31.5   479   67.2    43
1245   113.5     75     34    495   68.3   44.1
1246     68     49.2    23    482   68.5   42.8
1247   132.7    94.5   42.5   486   68.1   42.7
1248   130.3    88.4   40.3   505   69.2   43.6
1249    63.6    45.2   21.4   479   68.4   41.3
1250   128.8     87    38.5   491   68.7   42.7
1251    82.5    51.3   23.9   487    69    42.4
1252   165.6   102.8   43.2   474   68.2   41.2
1253   162.2   104.4    46    503   69.3   43.1
1254   104.5    68.5    30    481    69    41.3
1255   152.8   100.3   44.1   491   69.1   42.4
1256    54.7    35.9   17.6   477   68.9   41.3
1257   135.8     94    41.8   463   67.9   41.4
1258    63.1    41.4   18.8   485   68.6   42.7
1259   134.9    89.6   39.1   473   67.9   41.7
1260    56.8    36.2   16.9   484   68.2   42.5
1261    54.2    39    19.5   464   67.1   41.8
1262    25.9   19.4    10    449   66.3   42.2
1263     53    36.9   17.6   458   66.6   42.8
1264   101.3   73.3   36.1   487   67.3   44.4
1265    52.5    40    19.6   482   67.5   43.6
1266   114.7   81.4   36.8   479   67.4   43.7
1267    63.2   37.4   18.3   485   67.9   43.6
1268    64.5   42.1   20.5   467   66.9   42.5
1269   119.8   83.4   40.1   480   67.7    44
1270    55.5   40.5    20    480   68.1   42.9
1271    36.8   23.5    12    462   66.9   42.5
1272    38.1   26.9   12.8   451   66.5   42.7

1273     22    15.8    8.6   454   65.9   42.9
1274    73.6   55.5   29.1   474   66.5   44.5
1275    47.3   33.5   16.8   485   67.3   44.5
1276    49.3   35.1   17.6   462   66.3   43.4
1277    87.3   58.4   27.2   473   66.7   44.5
1278    57.8   39.2   18.8   476   66.8   44.6
1279    16.4   12.2    7.6   458   66.1   43.6
1280    12.7   10.1    6.3   444   65.7   43.3
1281    35.6   27.8   14.2   442   64.8   44.7
1282    28.6   23.9   13.2   440   64.3   45.4
1283     53    39.6   20.8   471   65.8   46.9
1284    36.5   27.4    15    460   65.8   45.2
1285     17    12.1      7   451   64.8   45.2
1286    12.4    8.2    5.3   442   64.7   44.9
1287    24.3   19.8   11.9   444   64.5   45.6
1288     45     34     18    471   65.8   47.3
1289    33.3   24.1   13.1   459   66.3   45.6
1290    38.3   28.5   15.1   455   65.4   45.3
1291    82.4   54.2    27    469   65.7   46.4
1292    54.8   38.7   18.6   473   66.8   46.1
1293    39.1   21.4   11.9   457    66    44.8
1294    50.3   40.1   21.3   450   65.3    45
1295    92.6   69.8    34    481   66.8   46.9
1296    78.8   53.6   26.4   480   67.6   46.1
1297    38.7   26.9   14.7   458    67    44.2
1298    16.9   12.1    7.4   454   66.1    44
1299    70.7   53.5   28.3   456   66.1   45.3
1300    64.1   44.8   22.4   470   67.5   45.3
1301    39.7   31.1   16.2   461   66.8   44.6
1302     27    20.2   11.3   449   65.8   44.3
1303    29.4   23.1   12.4   455    66    44.8
1304    70.3   44.9   24.3   465   66.1   45.9
1305    71.7    46    22.8   480   67.6   46.1
1306   103.3   62.8   27.5   454   66.5   44.5
1307    45.2    28     14    469   66.9   45.4
1308    44.2   31.5   16.2   455   66.1   44.4
1309    98.9   66.6   30.6   462   66.2   45.5
1310    83.4   50.1   23.9   484   67.5   45.8
1311   119.8   71.7   32.9   456   66.6   44.6
1312    43.8   29.3   14.5   472   67.2   45.1
1313     34    24.4   12.9   457   66.2   44.6
1314    21.8    15     8.6   441   65.4   44.7
1315    90.2   64.4   32.6   458   65.8   46.3
1316    44.1   28.5   14.3   475   66.5   46.7
1317    32.4    24    11.8   455   65.5   45.7
1318    61.6   36.9   19.7   447   65.2   45.9
1319    82.8   56.7   24.8   474   66.4   47.2
1320    49.4   33.3   16.2   464   66.1   46.1
1321    69.3    45    20.7   459   65.8   45.9
1322    32.1   23.2   11.7   458   65.6   46.2
1323    22.9   17.8    9.4   455    65    46.4
1324   117.5   67.6   35.3   459   65.4   47.6
1325    75.9   52.4   24.7   482   67.2    47
1326    96.3   52.6   23.1   460    67    46.1
1327     36     26     13    462   66.7    46
1328    97.8   71.7   35.1   466   66.4   46.4
1329    36.8   26.2   13.4   475   66.7    46
1330    48.2   35.6   17.5   465   66.1   45.9
1331    60.5   42.3   22.4   458   65.5   46.3
1332    86.1    62    30.3   487   67.4   47.2
1333    53.7   38.6   18.1   469   67.2   45.7
1334    36.5   25.8   12.2   462   66.2   45.5
1335     24    17.1    8.6   453   65.6   45.7
1336     70    53.4   28.2   470   66.1   47.1
1337    79.9   53.2   25.3   486   67.5   46.9
1338   100.6   59.9   27.1   475   67.3   46.3
1339    25.4   16.4    8.2   473   67.4   46.2
1340    97.4    67    29.7   455   66.4   45.8
1341    54.7   31.8   14.7   481    67    46.8
1342    66.4   46.4   22.2   464   66.4   46.3

1343   101.7   64.1   31.5   485   67.3   47.8
1344    57.2   43.4   20.5   477   67.1   46.6
1345    25.9   16.9    8.1   464   66.3   46.7
1346    20.4   12.1    6.2   445   65.8   46.4
1347     19    12.7    6.8   450   65.2   47.2
1348    41.5   27.4   13.3   456   65.1   47.7
1349    23.4    14     7.1   457   65.2   47.5
1350    48.2   30.3   17.6   469   65.3   48.5
1351   101.6    62    28.5   496   66.6   49.5
1352    48.7   35.1   17.5   472   66.3   47.9
1353   105.8   69.2   33.5   483   66.7    49
1354    59.8   39.2   19.2   484   67.6    48
1355    77.3   54.3   27.1   469   66.8   47.2
1356   106.4   61.6   26.5   506   68.1   49.5
1357    40.4   30.3    15    460   66.9    46
1358    91.1    61    30.2   484   67.4   49.6
1359    44.7   27.4   12.6   470    67    47.3
1360    89.7   56.4   25.8   471    67    48.1
1361    35.9   27.5   13.7   468   66.4   47.1
1362    29.4   21.2   10.8   449   65.3    47
1363    82.4   61.5   30.4   463   66.3    51
1364    57.4   39.7    19    475   67.5   49.5
1365    131    74.8   31.6   466   66.9   48.4
1366    52.7   33.1   14.9   479   67.2   49.2
1367    18.4   14.3    7.4   453   66.1   46.7
1368    13.6    9.8      5   433   64.9   47.2
1369    20.4   14.9    7.4   431   64.4   47.7
1370    15.6    10     5.4   443   63.8   48.8
1371    23.7   18.4   10.1   449   64.2   48.9
1372    57.9   38.7    20    472   65.5   52.1
1373    84.7   43.8   22.1   476   66.7   50.9
1374    59.4   41.4   20.3   471   66.8   49.7
1375   180.5   76.2   27.6   466   66.6   48.9
1376    40.2   23.9   11.8   466   66.5   48.6
1377    62.3   42.7    22    459   65.9   47.7
1378    73.1   51.7    26    485   67.1   50.9
1379    29.7   20.6    11    457   66.4   47.1
1380    94.5   68.3   33.8   465   66.3   49.4
1381    49.2   30.4   15.5   479   67.4   49.5
1382   116.4   58.8   29.4   458   66.6   47.5
1383    22.6   15.1    7.7   470    67     49
1384    18.1   13.7    7.8   445   65.9   46.8
1385    72.7   51.3   27.5   448   65.7   49.5
1386    47.1    33    16.2   471   66.7   50.3
1387    33.9   23.3   11.4   455   65.7   48.4
1388    22.9   17.2    9.3   441   64.9   47.9
1389    73.7   52.8   26.4   466   66.2   50.8
1390    43.7   30.6   15.2   463   66.5   49.3
1391    17.7   13.5    6.7   447   65.4   47.9
1392     6.5    5.1    3.4   434   64.7   47.9
1393     9.1    6.2    3.1   425   64.1   48.5
1394     5.9    4.7    2.9   427   63.5    49
1395       7      5    2.7   431   62.9   49.4
1396     9.8    6.4    3.4   436   62.9   49.8
1397    21.3   15.3    9.4   444   63.2   50.1
1398    58.9   37.8   19.1   468    65    53.6
1399   26.2   19.7    9.6   451   65.3   50.8
1400   57.7   40.7   19.6   448   64.7   50.1
1401   51.4   35.9   17.5   464   65.8    52
1402   27.2   20.9   10.1   448   65.4   49.6
1403   21.7   15.1    8.1   447   64.8   49.3
1404   12.1      8    4.2   438   64.4   49.4
1405    6.7      5    2.9   436   63.8   49.3
1406   46.1   32.3   16.9   443   64.1   50.4
1407   33.3   19.3   10.3   459   64.9   52.2
1408   58.8   40.1    19    447   64.6   50.7
1409    47    30.9   13.5   464   65.1   51.7
1410   33.7   25.5   12.6   446   64.3   50.7
1411   94.1   65.9   30.9   457   64.6   52.9
1412   48.6   33.7   15.3   461   65.4   52.5
1413   66.1   39.2   16.3   452   65.2   51.9
1414   23.8   16.6      8   443   64.5   50.8
1415   69.8   50.1   25.2   448   64.7   52.3
1416   47.5   30.9   15.4   463   65.9   52.6
1417   35.4   22.8   10.7   449    65    50.8
1418   47.6   36.2   19.9   443   64.3   51.3
1419   50.7   32.8   15.9   458   66.1   53.4
1420   22.4   16.5    8.2   443   65.1   50.6
1421   28.9    18     8.8   437    64    51.3
1422   22.6   15.4    7.2   433   63.6   51.7
1423   33.1   24.2   12.5   442   63.9   51.5
1424   62.5   42.9   21.5   458   65.3   54.4
1425   22.2   17.4    8.9   444   65.1    52
1426   34.8   25.4   12.2   442   64.4   51.8
1427    76    57.2   28.4   450   64.8   53.7
1428   56.7   39.8   19.4   456   66.4   53.2
