10   45.8   35.8    18    484   65.9   69.1
11   51.6    35    18.2   484    66    67.4
12   12.2    9.9    5.6   485   66.1   68.2
13   10.2    6.9    3.3   469   64.7   61.8
14    5.4    3.8    2.1   448   63.6   62.4
15    2.5    2.2    1.6   445   63.2   63.5
16   60.4   47.2   20.7   455   62.9   64.2
17   17.8   13.2    6.1   486   64.2   71.6
18    8.1    6.1    3.2   473   63.8   66.1
19   45.1   32.7   18.1   467   63.2   64.6
20   34.2   24.8   11.9   482   65.1   70.7
21   24.4   18.2    8.4   476   65.6   66.5
22   33.1    24    11.1   472   64.6   63.9
23   42.1   28.6   14.2   473   64.9   64.5
24   53.3   39.9   20.2   481   65.2   66.1
25   30.3   21.9   10.3   483   66.2   69.2
26   11.1    8.3    4.2   472   65.3   63.9
27    4.6    3.7    1.8   464   64.2   61.5
28    3.3    2.5    1.4   455   63.8   61.3
29   12.1    8.2    4.3   452   63.2    62
30    8.9    5.8      3   458   62.6   63.2
31    8.2    5.4    2.5   463   62.4   63.6
32    4.8    3.9    2.2   465   62.5   63.9
33   10.7    7.7    4.3   464   62.2   63.9
34   10.4    7.2    3.7   468   61.9   64.7
35    7.8    5.1    2.7   466   61.6    65
36      4    2.8    1.8   465   61.6   64.9
37    4.1    3.3    1.8   464   61.1    65
38    3.7      3    1.6   460   60.9    65
39   20.6   12.6    6.4   462   60.9   65.1
40    11     8.3    4.2   470   61.4   66.6
41    8.4      6      3   466   61.2   66.5
42    5.3    3.5    1.9   465   61.3   66.3
43    5.9    4.7    2.5   467    61    65.7
44    6.9    4.2    2.6   467   60.7   65.7
45    6.2    3.9      2   464   60.6   65.8
46    3.7      3    1.7   464   60.3   65.8
47    2.6    2.3    1.3   466   60.3    66
48    3.3    2.4    1.2   464   60.1    66
49    2.5      2    1.1   464   60.2   66.1
50    2.2    1.8    0.9   466   60.1   66.2
51    2.3    1.5    0.9   465    60    66.3
52      2    1.5    0.9   466   59.9   66.4
53      3    1.7    0.9   464   59.9   66.5
54    1.6    1.3    0.8   464   59.9   66.5
55    1.7    1.2    0.9   466   59.9   66.6
56    1.9    1.4    0.8   465   59.8   66.7
57    1.6    1.3    0.8   464   59.7   66.7
58    1.9    1.5    0.9   465   59.6   66.9
59    1.4    1.3    0.8   466   59.6    67
60    1.3    1.2    0.8   465   59.5   67.1
61    1.2    1.1    0.8   463   59.5   67.1
62    1.4    1.2    0.8   465   59.5    67
63    1.3    1.2    0.8   464   59.5    67
64      2    1.4    0.7   466   59.4   66.9
65    1.4    1.3    0.7   464   59.4   66.9
66    1.2    1.1    0.8   465   59.3   66.9
67    1.4    1.1    0.7   464   59.3    67
68    1.4    1.2    0.8   462   59.3   66.9
69    1.3    1.2    0.7   461   59.2   66.8
70    1.4    1.2    0.7   463   59.2   66.7
71    1.3    1.2    0.7   464   59.1   66.5
72    1.5    1.3    0.7   464   59.1   66.4
73    1.6    1.2    0.7   463   59.1   66.5
74    1.1      1    0.7   465   59.1   66.8
75    1.2    1.1    0.7   462   59.1   66.8
76    1.8    1.3    0.7   464    59    66.9
77    1.9    1.4    0.7   461    59    66.9
78    2.4    1.3    0.7   465    59    66.9
79    2.1    1.2    0.7   465    59    66.8
 80   2.3   1.6   0.8   463   58.9   66.8
 81   1.3   1.1   0.7   462    59    66.8
 82   1.3     1   0.7   463   58.9   66.9
 83   1.8   1.4   0.7   465   58.9   66.8
 84   1.8   1.3   0.7   463   58.9   66.7
 85   1.7   1.4   0.8   463   58.9   66.8
 86   1.7   1.2   0.7   463   58.9   66.9
 87   1.1     1   0.8   461    59     67
 88   1.1     1   0.7   462   58.9    67
 89   1.6     1   0.7   463   58.9    67
 90   3.1   1.6   0.8   462   58.8   66.8
 91   1.8   1.1   0.7   462   58.8   66.8
 92   3.2   1.5   0.7   465   58.7    67
 93   1.3     1   0.7   465   58.8    67
 94   1.7   1.4   0.7   463   58.8   67.1
 95   1.7   1.2   0.7   463   58.8   67.1
 96   1.8   1.5   0.8   463   58.8    67
 97   2.1   1.5   0.8   463   58.9    67
 98   1.4   1.1   0.7   463   58.7    67
 99     2   1.1   0.7   466   58.7    67
100   1.5   1.3   0.8   462   58.7   66.9
101   1.4   1.1   0.7   463   58.7   66.8
102   1.4   1.1   0.7   463   58.7   66.7
103   1.5   1.3   0.7   463   58.6   66.6
104   1.3   1.1   0.7   461   58.6   66.7
105   1.1     1   0.7   462   58.6   66.7
106   1.3   1.1   0.7   463   58.4   66.8
107   1.4   1.2   0.7   462   58.5   66.8
108   1.7   1.3   0.8   462   58.4   66.9
109   1.1   1.1   0.7   462   58.4    67
110   1.1   1.1   0.7   461   58.4    67
111   1.9   1.3   0.7   463   58.4    67
112   1.8   1.3   0.7   462   58.4    67
113   1.6   1.2   0.7   462   58.4   67.1
114   1.1   0.9   0.7   460   58.4   67.1
115   1.4   1.2   0.8   463   58.4   67.1
116   1.4   1.2   0.8   463   58.4   67.1
117   1.1     1   0.7   461   58.5   67.1
118   1.1     1   0.7   459   58.4   66.8
119   1.2   0.9   0.7   460   58.4   66.8
120     1     1   0.7   463   58.3   67.1
121   0.9   0.9   0.7   459   58.3   67.1
122   1.3   1.1   0.7   460   58.3   67.1
123   1.2   1.1   0.7   461   58.3   67.2
124   1.3     1   0.8   462   58.3   67.2
125   1.4   1.2   0.7   463   58.3   67.2
126   1.2   1.1   0.8   462   58.4   67.2
127   1.2   1.2   0.8   461   58.4   67.2
128   1.4   1.2   0.8   462   58.3    67
129   1.2   1.1   0.8   463   58.3   67.1
130   1.7   1.3   0.8   460   58.3    67
131     1     1   0.8   463   58.3    67
132   1.3   1.1   0.8   459   58.3   67.1
133   1.2   0.9   0.8   462   58.2   67.1
134   1.6   1.1   0.7   461   58.2    67
135   1.3   1.2   0.8   461   58.2   67.1
136   1.6   1.4   0.8   461   58.2   67.2
137   1.5   1.3   0.8   463   58.3   67.3
138   1.2   1.1   0.8   460   58.3   67.3
139   2.4   1.6   0.8   463   58.3   67.4
140   1.3   1.2   0.8   462   58.2   67.2
141   1.2   1.1   0.8   462   58.2   67.2
142   2.1   1.6   0.8   462   58.2   67.2
143   1.3   1.1   0.7   463   58.1   67.2
144   1.8   1.3   0.8   461   58.1   67.2
145   1.4   1.2   0.8   461   58.1   67.2
146   1.4   1.3   0.8   460   58.1   67.2
147     1     1   0.8   463   58.1   67.3
148   1.2   1.2   0.8   462   58.1   67.2
149   1.3   1.2   0.8   462   58.2   67.3
150   1.4   1.2   0.7   463   58.1   67.3
151   1.3   1.1   0.8   461    58    67.1
152   1.5   1.2   0.7   458    58    67.1
153     1     1   0.7   463   57.9   67.2
154   1.1     1   0.7   460   57.8   67.3
155   2.4   1.5   0.8   459   57.9   67.3
156     1     1   0.7   461   57.9   67.3
157   1.2   1.1   0.7   460   57.9   67.3
158   1.4   1.2   0.8   462   57.8   67.4
159   1.3   1.2   0.8   463   57.9   67.5
160   1.2   1.2   0.8   457   57.9   67.6
161   1.1     1   0.8   462   57.8   67.4
162   1.6   1.4   0.8   460   57.8   67.3
163   1.5   1.2   0.8   460   57.9   67.4
164   2.9   1.6   0.9   460   57.9   67.3
165   2.5   1.7   0.8   462   57.9   67.5
166   2.1   1.5   0.9   459   57.9   67.6
167   2.2   1.9   1.4   462   57.9   67.6
168   3.3   2.3   1.3   461   57.9   67.6
169   2.8   1.8   1.2   460   57.9   67.6
170   2.2   1.7     1   463   57.9   67.5
171   1.6   1.5     1   460   57.9   67.4
172   2.2     2   1.4   463   57.8   67.4
173   3.3   2.2   1.5   463   57.8   67.6
174   1.4   1.2     1   461   57.8   67.6
175   1.7   1.5     1   460   57.8   67.6
176   1.8   1.4     1   461   57.8   67.7
177   1.7   1.5     1   462   57.8   67.7
178     2   1.6     1   462   57.8   67.8
179   2.2   1.7   1.2   461   57.8   67.7
180   2.7   1.6     1   463   57.7   67.8
181   1.9   1.8   1.3   462   57.7    68
182   2.8   1.8     1   462   57.7    68
183   1.8   1.3   0.9   463   57.8   67.8
184   2.3   1.7   0.9   461   57.8   67.6
185   2.2   1.5   0.9   463   57.8   67.6
186   3.3   1.7   0.9   460   57.8   67.7
187   1.8   1.5     1   462   57.7   67.8
188   2.4   1.8   0.9   460   57.7   67.9
189   2.2   1.6   0.9   459   57.7   67.9
190   2.1   1.4   0.9   460   57.7   67.7
191   2.8   1.7   0.9   459   57.7   67.6
192   2.1   1.7   0.9   459   57.6   67.7
193   1.4   1.2   0.9   460   57.5   67.7
194   1.2   1.2   0.9   459   57.6   67.6
195   1.7   1.6   0.9   460   57.5   67.6
196   1.7   1.4   0.9   460   57.5   67.7
197   1.9   1.6   0.9   461   57.5   67.8
198   2.3   1.9   0.9   462   57.4   67.9
199   1.9   1.4   0.9   458   57.5   67.9
200   1.7   1.5   0.9   459   57.5   67.9
201   1.9   1.3   0.9   461   57.5   67.9
202   1.5   1.3   0.8   461   57.4   67.9
203   1.7   1.5   0.9   459   57.4   67.9
204   1.9   1.3   0.9   458   57.4   67.8
205   2.2   1.3   0.9   459   57.4   67.9
206   1.9   1.5   0.9   462   57.4   67.9
207   1.8   1.4   0.9   458   57.4   67.8
208   1.4   1.3   0.9   458   57.4   67.8
209     3   2.2   0.9   459   57.4    68
210   4.5   2.2     1   459   57.4    68
211   2.4   1.5   0.9   458   57.4   67.9
212   1.1   1.1   0.9   459   57.4   67.9
213   1.9   1.5   0.9   459   57.4   67.7
214   1.6   1.3   0.9   459   57.4   67.8
215   1.6   1.5   0.8   458   57.3   67.7
216   1.2   1.1   0.8   458   57.3   67.5
217   1.3   1.2   0.8   458   57.3   67.4
218   1.3   1.2   0.8   459   57.3   67.5
219   1.9   1.6   0.8   458   57.2   67.7
220    2    1.6   0.9   458   57.3   67.9
221   1.8   1.4   0.9   457   57.2   67.9
222   1.5   1.3   0.9   460   57.2   67.9
223   1.3   1.3   0.9   458   57.2   67.9
224   1.8   1.4   0.8   457   57.3   67.8
225   1.4   1.3   0.9   458   57.3   67.8
226   1.2   1.2   0.9   458   57.3   67.7
227   1.3   1.2   0.8   458   57.2   67.9
228   1.9   1.6   0.9   460   57.2   67.9
229   1.9   1.6   0.9   458   57.3   67.8
230     2   1.5   0.9   459   57.2   67.8
231   1.8   1.6   0.9   458   57.2   67.9
232   1.4   1.4   0.9   458   57.3    68
233   1.6   1.4   0.9   459   57.3    68
234   2.1   1.7   0.9   461   57.3   68.1
235   1.7   1.5   0.9   458   57.3   68.1
236   2.1   1.7   0.9   460   57.3    68
237   1.9   1.3   0.9   460   57.3   67.9
238   1.4   1.4     1   459   57.3   67.8
239   1.5   1.4     1   460   57.2   67.7
240   1.9   1.4   0.9   459   57.2   67.7
241   1.8   1.4   0.9   458   57.2   67.9
242   1.8   1.6     1   458   57.2    68
243   1.4   1.3   0.9   460   57.2   67.9
244     2   1.7   0.9   459   57.1   67.8
245   1.3   1.3     1   459   57.1   67.8
246   1.6   1.4   0.9   458   57.2   67.7
247   1.9   1.6   0.9   458   57.1   67.6
248   1.4   1.3   0.9   460   57.1   67.6
249   1.9   1.6   0.9   457    57    67.7
250     2   1.8     1   457   56.9   67.8
251   1.7   1.4   0.9   458   56.9   67.9
252   1.8   1.5   0.9   457   56.9   67.9
253   1.8   1.6   0.9   458   56.9   67.9
254   2.2   1.4   0.9   459   56.9   68.1
255   1.8   1.6   0.9   460   56.9   68.1
256   2.1   1.6     1   458   56.9    68
257   2.8   1.4     1   456    57    68.1
258   1.8   1.6     1   460   56.9   68.1
259   2.1   1.6     1   459   56.9   68.1
260   3.2   1.6     1   462   56.9   68.1
261   2.8     2     1   460   56.8   68.1
262   1.5   1.4   0.9   458   56.8   68.2
263   2.1   1.8     1   459   56.8   68.2
264   1.9   1.6     1   458   56.8   68.2
265   1.6   1.4     1   459   56.8   68.2
266   1.6   1.4   0.9   458   56.8   68.2
267   1.7   1.6     1   458   56.8   68.1
268   1.7   1.6   0.9   458   56.7   68.1
269   1.9   1.7   0.9   456   56.8   68.2
270   1.9   1.6     1   459   56.8   68.2
271   2.7   1.8   0.9   456   56.7   68.2
272   2.1   1.5   0.9   458   56.8   68.2
273   1.5   1.4   0.9   459   56.8   68.2
274   1.6   1.4   0.9   458   56.7   68.2
275   1.5   1.4   0.9   457   56.7   68.3
276   1.6   1.4   0.9   456   56.7   68.3
277   1.6   1.5   0.9   457   56.7   68.3
278   1.7   1.5   0.9   458   56.7   68.4
279   1.7   1.6   0.9   459   56.7   68.4
280   1.4   1.4   0.9   457   56.7   68.3
281   1.9   1.7   0.9   458   56.7   68.2
282   2.6     2   0.9   456   56.7   68.1
283     2   1.3   0.9   456   56.7   68.1
284   1.3   1.3   0.9   458   56.7   68.2
285   2.2   1.5   0.9   456   56.7   68.2
286   1.2   1.2   0.9   457   56.7   68.1
287   1.6   1.4   0.8   459   56.7   68.1
288   2.6   1.5   0.9   457   56.6    68
289   1.6   1.5   0.9   458   56.6   68.1
290   1.6   1.2   0.8   455   56.7   68.1
291   1.7   1.6   0.9   459   56.7   68.1
292   1.9   1.6   0.9   456   56.7   68.1
293   1.8   1.7     1   457   56.6   68.2
294   1.6   1.4   0.9   458   56.6   68.3
295   1.5   1.3   0.9   459   56.5   68.4
296   1.7   1.6   0.9   458   56.6   68.4
297     2   1.6     1   457   56.6   68.3
298   1.8   1.6     1   457   56.6   68.3
299   2.1   1.4   0.9   459   56.6   68.4
300   1.4   1.3   0.9   456   56.6   68.4
301   1.5   1.3   0.9   458   56.6   68.4
302   1.8   1.5   0.9   458   56.6   68.4
303   1.9   1.4   0.9   457   56.6   68.5
304   1.8   1.4   0.8   457   56.6   68.4
305   1.3   1.3   0.8   459   56.7   68.3
306   1.8   1.2   0.8   457   56.7   68.3
307     2   1.5   0.8   454   56.7   68.3
308   1.4   1.3   0.8   457   56.7   68.3
309   2.2   1.6   0.8   458   56.6   68.3
310   1.4   1.3   0.8   458   56.6   68.4
311   1.8   1.6   0.8   456   56.6   68.4
312   1.2   1.1   0.8   459   56.6   68.4
313   1.1   1.1   0.8   456   56.5   68.4
314   2.5   1.8   0.8   459   56.5   68.4
315     4   1.3   0.8   455   56.5   68.4
316   1.5   1.4   0.8   456   56.5   68.4
317   1.6   1.1   0.8   457   56.5   68.5
318   1.3   1.3   0.8   457   56.5   68.5
319   1.3   1.2   0.8   456   56.5   68.6
320   1.6   1.3   0.8   457   56.5   68.5
321   1.4   1.2   0.8   457   56.6   68.6
322   1.2   1.1   0.8   457   56.6   68.6
323   1.3   1.2   0.8   456   56.6   68.6
324   1.2   1.2   0.9   457   56.6   68.6
325   1.2   1.2   0.9   459   56.5   68.7
326   1.3   1.2   0.8   458   56.6   68.8
327   1.1   1.1   0.9   459   56.5   68.8
328     2   1.5   0.9   457   56.6   68.7
329   1.5   1.2   0.8   458   56.6   68.8
330   1.2   1.2   0.9   459   56.6   68.8
331   1.6   1.4   0.9   459   56.5   68.8
332   1.6   1.3   0.8   456   56.6   68.8
333   1.5   1.3   0.9   459   56.5   68.9
334   1.3   1.2   0.8   457   56.6   68.9
335   1.3   1.3   0.8   458   56.6   68.8
336   1.5   1.3   0.8   459   56.6   68.9
337   1.4   1.2   0.8   459   56.5   68.9
338   1.3   1.3   0.8   459   56.6    69
339   2.3   1.8   0.8   459   56.6   68.9
340   2.6   1.6   0.9   459   56.9   68.9
341   5.3     2   0.9   457   57.3   69.7
342   1.7   1.4   0.9   446   59.1    72
343   1.6   1.3   0.9   447   58.8   67.4
344   2.3   1.7   0.9   455   58.3   66.7
345   1.9   1.6   0.9   456   57.9   66.7
346   1.8   1.6   0.8   454   57.6   66.7
347   1.9   1.1   0.8   457   57.5    67
348   2.1   1.3   0.8   458   57.4   67.2
349   2.6   1.5   0.8   456   57.3   67.3
350   1.7   1.4   0.8   458   57.3   67.5
351   1.6   1.3   0.8   459   57.1   67.6
352   1.1     1   0.7   458    57    67.7
353     2   1.4   0.8   457   57.1   67.8
354   2.4   1.7   0.8   456   57.5   68.2
355   1.9   1.5   0.8   454   57.6   68.3
356     2   1.3   0.7   458   57.7   68.1
357   1.4   1.2   0.8   454   57.9   68.2
358    2.9    2.1   1.2   454   57.8   67.7
359    5.3    3.2   1.8   455   58.6   68.9
360    2.7    1.8   0.9   450   59.2   69.8

361    2.7    1.7   0.9   453   58.8   66.4
362      2    1.5   0.8   453   58.5   66.4
363    2.1    1.5   0.8   453   58.2   66.6
364    1.9    1.4   0.8   452   57.8   66.7
365      2    1.7   0.8   454   57.6   66.9
366    1.5    1.5   0.8   457   57.7   67.1
367   12.1    4.3   1.8   459    58    67.6
368    3.2      2     1   452   59.6   70.6
369    2.6    1.8     1   451   59.1   66.8
370    1.7    1.4   0.9   454   58.7   66.1
371      2    1.8     1   451   58.3   66.4
372    2.9    1.5   0.9   455   57.9   66.5
373    2.3    1.8     1   454   57.7   66.8
374    1.8    1.6     1   456   57.5   67.1
375    2.2    1.7     1   456   57.4   67.3
376    1.5    1.3   0.9   457   57.3   67.5
377      3    2.4   1.5   458   57.5   67.6
378   16.4   10.8   3.8   456   58.4    69
379      5    3.4   1.4   446   60.4   68.7
380    3.1    2.1   1.2   448   60.4   65.7
381    6.2    5.2   2.8   454   60.1   65.5
382   19.2   12.1   5.1   457   60.5   66.7
383    6.6    3.9   1.8   454   61.4   67.3
384    4.1      3   1.7   458   60.3   62.9
385    4.2    2.9   1.8   452   59.5   63.7
386   29.2   18.2   8.9   454   59.6   65.5
387    8.6    5.5   2.9   457   61.3   69.9
388    5.7    3.4   1.9   457   60.4   64.3
389    7.5    4.8   2.2   457   59.7   64.3
390    9.6    5.8   2.9   454   59.1   64.3
391   12.9    7.4   3.3   457   59.4   65.1
392   26.5   19.3   9.7   459   59.7   65.9
393   21.3   12.2   5.3   458   60.8   68.4
394   10.9    6.7   3.3   453    61     66
395    6.3    4.1   2.2   455   60.2   63.7
396   12.8    8.2   3.6   454   59.5    64
397   19.6    12    4.8   457   59.4   64.7
398   20.9   13.1     6   459   59.7   65.3
399   27.3   16.5   7.3   460   59.8   65.9
400   23.8   18.2     9   462   59.8   66.1
401    31    19.4   9.1   460   60.5   67.5
402    17    11.8   5.9   458   61.2   67.9
403    13       9   4.7   455   60.3   63.4
404    6.1      4     2   451   59.8   63.9
405    3.7    3.2     2   449   59.4   64.2
406   27.5   12.7   6.4   456   59.4   65.1
407    9.5    6.1   2.8   459   60.9    69
408    8.8    6.1   3.2   456   60.4   64.8
409   11.8    7.1   4.2   457   59.9   64.3
410    9.9    7.3   3.5   455   59.5   64.6
411    8.3    5.6   3.1   456   59.4   64.7
412    5.8    4.3   2.6   458   59.3    65
413   20.9    16    8.3   458   58.9   65.1
414   16.7   11.8   5.9   460   60.1   68.7
415    7.8    5.6   3.3   455   60.3   66.9
416    4.7    4.3   2.8   455   59.6   64.7
417    5.7    4.1   2.6   451    59    64.6
418    5.6      4   2.6   453   58.8   64.9
419   12.2    9.1   4.6   462   59.2   65.4
420   12.5    9.1   4.7   458   59.1   66.1
421   21.4   15.8   7.6   458   59.2   66.1
422    19    12.4     7   460   59.4   66.5
423   25.6   17.7   8.8   461   60.1   67.8
424   10.9    7.9   4.6   456   61.1   67.3
425    8.2    5.8   3.6   456   60.3   63.6
426    5.7    4.5   3.1   455   59.6   63.6
427    6.4    4.9    3.2   452   59.2    64
428    6.1    4.7    3.1   456   59.1   64.4
429   13.1    8.7    4.9   458   59.4   64.8
430   28.2   18.3    9.6   460   59.7   65.5

431   51.9   31.4   14.6   460    61    68.5
432    17    12.8    7.1   456   61.3   67.7
433   65.6   43.2   20.2   454   60.8   63.5
434   34.2   20.3    9.9   466   61.5   67.8
435   12.9    9.4    5.1   459   61.1   64.9
436      8    6.1    3.7   453   60.2    63
437    5.4    4.7    3.3   450   59.5   63.3
438    5.9    5.1    3.5   453   59.8   63.9
439   33.2    22    11.2   462   59.9    65
440   17.5   12.4    6.2   462   61.5   69.3
441   11.6    8.3      5   456   61.1   64.5
442    8.6    7.2    4.1   460   60.4   63.8
443    8.6    6.6    3.8   457    60    63.8
444    7.1    5.1    3.4   458   59.7   63.7
445      8    5.5    3.6   458   59.3   63.8
446   19.5   16.7    9.1   454   59.1   63.9
447   30.9   20.6   10.1   463   60.5   68.2
448   11.2    9.1    5.1   456   61.1   67.1
449   11.2    8.3    4.7   457   60.4   63.9
450    9.2      7    4.3   456   59.7   64.1
451    7.4    6.1    3.7   455   59.7   64.1
452    8.8      7      4   457   59.5   64.3
453   19.9   14.9    8.4   460   59.5   64.4
454   40.2   21.6    11    468    61    68.6
455   15.9   11.3    6.1   463   61.9   67.2
456    6.4    4.6    2.9   459   61.1   63.5
457    5.6    4.4    2.9   453   60.4   62.5
458    5.9    4.4    2.9   455   59.9   62.4
459    4.3    3.9    2.6   450   59.7   62.6
460    5.5    4.5    2.6   449   59.1   63.2
461    9.5    5.3    3.3   452   58.8   63.6
462    10     7.2    4.8   455   59.1   64.1
463   34.3   21.8   11.3   462   60.2   66.6
464   42.7   31.9   10.7   461   61.6    68
465   46.1   33.3    16    459   61.6   65.2
466   28.3   16.8    8.3   468   62.1   67.1
467   18.5    9.9      5   465   61.8   64.6
468    6.9    5.1    3.2   458   60.7   61.9
469    6.2    5.3    3.1   451    60    62.3
470    5.2    4.4    2.9   449   59.7   62.8
471    8.8    6.4    3.6   448   59.5   63.3
472   11.8    8.8    4.9   453   59.4    64
473   22.2   16.3    8.2   457   59.1   64.8
474    30    21.8   10.2   459   59.3   64.9
475   35.2   27.9   15.4   464   59.6   65.7
476   21.6    15       8   468    61    69.7
477   21.6    16     8.4   457   61.2   66.6
478   12.4    9.1    5.1   460   60.7   64.1
479   21.9    13     6.7   459    60    63.6
480   23.3   15.1      7   462   60.3   64.4
481   19.2   12.7    6.2   461   60.2   64.7
482   21.8   17.9    10    461   60.2   64.6
483   20.7   14.1    7.1   467   61.3   67.5
484   11.5    8.2    4.8   460   61.2   64.4
485   10.1    6.1    3.3   453   60.1   62.8
486   21.3   13.3    6.6   448   59.9   63.2
487   38.4   22.9   12.9   458   60.2   64.3
488   36.6   24.5   12.2   468   61.2   68.5
489   11.5    8.4    4.4   462   61.3    66
490    8.4    6.7    3.3   457   60.2   62.6
491   16.3   10.9    5.3   452   59.8   63.1
492   12.9    8.6    4.5   454   59.3   63.9
493    8.7    5.9    3.1   456   59.2   64.1
494    10     6.4    3.4   457    59    64.1
495   31.7   20.7    9.5   458   58.8   64.3
496    23.3   15.7    7.4   466   59.2   65.3
497    52.1   23.8   13.6   462   59.3   65.9
498     64    40.7   18.9   471   60.7   68.5
499    41.4   30.2   14.5   464   62.2   67.1
500   105.3    46    22.6   461   62.4   64.8
501    20.9   14.1    6.6   476   63.2   67.9
502    12.6    9.6    4.9   460    62    61.8
503     8.8    6.4    3.3   453   60.7   60.8
504    24.7   16.3    8.8   449   60.7   62.2
505     40    25.3   12.2   463   61.1   65.7
506    18.4   13.7      7   468   61.7   66.8
507     8.1    5.7    2.9   459   60.8   62.9
508    30.6   24.7   12.9   451    60    62.3
509    34.1   22.9   10.9   463   60.9   67.4
510    11.5    8.7    4.4   465   61.3   66.8
511     8.1    6.4    3.1   456   60.4   62.6
512     8.3    6.5    3.3   452   59.7    63
513    46.6   32.4   16.6   458    60    63.9
514    32.6   23.1   11.6   469   61.4   69.4
515    18.3   12.5    6.5   464   61.6   66.3
516    11.3    8.1    4.1   459   60.9   63.5
517    15.6    10       5   457    60    63.1
518    17.6   12.3      6   457   59.8   63.4
519    30.3   24.3   13.9   460   60.2   63.9
520    36.2   25.1   12.5   469   61.4   67.9
521    24.4   18.3    9.1   464   62.1   65.4
522    13.6    9.7    4.9   462   61.6   63.3
523    17.2   11.2    5.8   460   60.7   62.4
524    15.6   10.1      5   463   60.2   62.4
525     9.6    6.1    3.3   458   60.2   62.8
526    20.2   14.9    6.8   466   60.5   63.1
527     23    15.9    7.9   462   60.1   63.7
528     41     31    16.4   471   60.6   65.2
529    38.9   28.7   13.9   473   62.5   67.1
530    20.9    15     7.9   468   62.7    64
531    14.9   11.4    6.1   462   61.7   61.9
532    22.4   16.4    8.1   465   61.8    62
533    44.3   29.4   15.6   468   61.6   62.7
534    33.7   22.6    11    478   62.6   66.5
535    19.5    15     7.7   469   62.4   63.8
536    16.5   11.5      6   462   61.2   61.6
537    18.9   13.3    6.7   453   60.6   62.4
538    33.9    26     14    459   60.8    63
539    54.1   35.2   16.4   470   61.8    67
540    34.1   23.7   11.4   469   62.3   65.9
541    29.7   24.2   13.5   464   61.7   63.2
542    71.1   49.2   24.4   470   62.3   65.2
543    36.6    24    12.1   477   63.7    67
544    71.3   53.2   24.7   468   62.9   61.8
545    20.5   13.1    6.3   480   63.6   66.3
546    16.8   12.2    5.9   467   62.7   61.7
547    24.7   19.3    9.8   454   61.7   60.2
548    71.9   47.9   22.4   459   61.8   63.8
549    71.7   47.7   21.7   474   62.8   67.5
550    62.2   44.4   20.3   476   62.9   65.2
551    59.2   43.1   19.4   476   62.8   65.4
552     24     17     8.5   477   63.6    67
553    23.5   17.3    8.3   465   62.5   60.9
554     33    27.3   14.8   459   61.3   61.2
555    70.2    50    24.4   464   62.1   65.3
556    39.8   30.3   15.5   473   63.3   66.9
557    77.3   56.3   27.6   471   62.8   62.5
558    18.8   13.1    6.7   481   63.7   67.6
559    18.6   14.8    7.7   468   62.7   61.7
560    16.6   10.8    5.5   455   61.6   60.6
561    13.8    9.4    5.1   450   60.9   61.3
562    28.8   21.4   11.2   454   60.3   61.9
563    46.1   31.8   15.5   465   61.3   65.6
564    18.7   14.5    7.5   469   61.9   66.9
565    14.1    10     4.9   465   61.1   62.7
566   16.1   12.4    6.2   455   60.2   62.4
567    51    40.3   22.7   456   60.3   63.5
568   50.8   38.8   18.7   476   62.3   69.1
569   74.8   51.2   24.9   471   62.8   65.6
570   36.3   23.8   11.3   478   63.4   67.1
571   69.8    47    21.3   470    63    63.9
572   28.9   20.6   10.6   473    63    64.2
573   15.3   11.7    6.1   465    62    61.4
574   19.3    14     7.3   453    61    60.8
575   19.7   13.3    6.4   448   60.2   62.7
576   25.9   17.3    8.5   450   60.3   63.1
577   58.3   44.8   23.1   465   60.7   64.2
578   31.4   21.7   11.2   478   61.8   69.4
579   51.4   34.7   15.9   467   61.8    66
580   39.2   28.7   13.6   469   61.8   65.4
581   49.5   33.1   15.5   472   61.9   65.6
582   19.4   13.8    7.2   476    62    65.2
583   18.2   12.8    6.7   464   61.1    62
584   12.9    9.8    5.8   455   60.5   61.9
585   54.2   35.9   19.1   454   60.1   63.2
586   39.4   27.2   14.1   472   62.5   69.1
587   38.4   27.4   15.8   469   62.2   64.3
588    57    41.1   20.2   471   61.9   65.2
589   52.9   22.1      8   477   62.7    67
590    8.2    6.2    3.1   463   61.5   61.5
591   50.3   39.1    21    452   60.6   61.3
592   77.4    52     25    474   62.4   68.4
593   83.2   57.1   30.3   478   63.3   66.9
594   48.9   33.4   15.5   479   64.1   67.6
595   23.6   17.3      9   471   63.6   62.5
596   25.6   19.8   10.4   466   62.1   60.2
597   84.3   62.2   32.1   463   61.6   61.6
598   25.7    17       9   480    63    68.5
599   18.9   14.3    7.5   470   62.3   62.5
600   18.9   14.2    6.8   462   61.4   61.4
601   12.3    9.2    4.7   450   60.5    62
602   14.1    9.9    5.2   454   59.9   62.1
603    9.3    6.8    3.8   457   60.2   62.6
604   56.2    44    24.1   463   59.9   63.2
605   27.3   20.5   10.6   484   61.3   69.9
606   26.2   16.9    8.2   469   61.2   65.2
607   21.3   15.3    7.2   465   60.7   63.7
608   45.9   33.6   17.2   466   60.5   63.8
609    51    37.9   19.1   474   61.2   65.9
610   46.6   34.2   16.8   482   62.2   68.6
611   19.1   15.1    8.1   473   62.7   65.9
612    9.7    6.8    3.8   465   61.6   61.8
613    12     8.8    4.5   458   60.8   61.2
614   14.8   11.5    5.7   456   60.3   61.4
615   23.7   16.2      8   460   60.1   62.3
616   37.7   24.5   11.5   472   60.6   63.2
617   46.6   37.6   20.3   472   60.5   64.3
618   29.7   20.6   11.1   480   61.9   68.4
619   31.8   25.4    14    469   61.8   64.5
620    71    48.4    24    474   61.7   65.2
621   34.4   25.2   12.7   490   62.8   69.4
622   44.8   31.8   16.6   474   62.4   63.7
623   61.8   42.1   21.5   481   62.3   64.8
624   23.6    18     9.8   489   63.7   68.1
625   96.5   66.3   30.9   473   62.6   61.3
626   84.6   58.1   27.1   486   63.2   66.8
627   47.9   30.4   15.3   488   63.5   66.6
628   99.6   63.1   30.8   482   63.4   63.7
629   72.5   48.6   23.3   490   63.9   66.6
630   47.4   23.8   12.8   487   63.9   65.5
631   13.7   10.4    6.2   472   62.9   60.7
632    30    24.7   14.2   458   61.8   59.8
633   71.5   50.3   24.5   474   62.6   64.7
634   50.6   37.8   18.9   490   63.6   66.9
635    81    55.2   27.8   482   63.7   63.4
636    66    45.1   22.4   495   64.3   66.5
637   81.2   53.4   26.8   487   63.9   62.8
638   18.1   12.5    7.2   489   64.1   64.7
639   26.7   19.4   10.8   467   62.7   58.6
640   21.5   15.3    7.8   453   61.9   59.7
641   34.5   28.5   15.9   452   61.2   60.5
642   70.9   44.7   22.8   473   62.1   64.8
643   27.2   21.3   11.7   487   62.6   66.5
644   48.2   37.5   19.7   471    62    62.2
645   62.1   39.2    20    478   62.2    65
646   21.3   16.1    8.9   488   62.5   65.8
647   83.3   59.9   29.6   471   61.6   61.2
648   25.3   18.3    9.4   489   62.4   67.6
649   14.9   11.3    6.2   474    62    63.9
650    68    51.4   26.8   463   61.2   61.2
651   41.7   29.8   15.3   487   62.3   68.9
652    30    23.1   12.3   482   62.2   65.7
653    16    12.2    6.4   471   61.6    63
654   17.2    13     6.8   461    61    62.4
655   12.5    9.3    4.9   461   60.4   62.3
656    12     8.1    4.7   458    60    62.3
657    20    14.5    7.1   464   60.1   62.5
658   24.5    18     9.6   466   59.6   62.9
659    54    39.3   20.9   481   60.1   64.6
660   35.7   23.3   11.7   490   61.8   69.4
661   41.5   30.3   14.9   478    62    65.7
662   53.3    40    20.6   478   61.8    64
663   86.7   61.3   30.2   488   61.9   65.9
664   35.2   26.6   13.5   500   62.8   69.7
665   96.8   70.3   35.2   481   62.2   63.5
666   62.3   42.4   20.7   505   63.2    70
667   59.8   42.3   20.1   486    63    65.4
668   77.3   49.6   22.7   479   62.5   63.9
669   58.5   40.3   19.9   487   62.6   65.5
670   28.8   20.7   10.6   488   62.5   64.4
671   56.6   42.1   22.1   479   61.9   62.8
672    49    35.3   17.8   488   62.5   66.4
673   49.5    37     18    489   62.7    66
674   17.7   13.9    7.3   491   62.9   64.9
675   75.3   48.9   24.3   474   62.2   61.4
676   30.9   19.8   10.4   488   62.5   65.2
677   14.4   10.4    5.6   475   61.7    62
678   48.8   36.8   19.6   458   60.8   61.2
679   66.3   45.7   23.4   475   61.3   66.2
680   57.6    41    19.9   493   62.7   69.5
681   29.4   21.9   10.8   481   62.8   65.6
682   33.2   24.6   12.7   478   62.4   62.5
683   27.1   18.7    8.9   472   61.7   62.7
684   19.1   14.6    8.3   466   61.5   62.4
685   78.3   59.8   29.6   471   61.4   63.6
686   76.9   55.5   26.8   498   62.8   69.7
687   63.4   45.3   21.9   501   63.4   68.3
688   54.1    38    18.6   492   63.6   65.6
689   74.4   51.6   25.7   488   63.3   63.6
690   41.3   30.1   13.9   496   63.4   65.7
691   63.4   46.8   22.3   484    63    62.1
692   25.6   18.8    9.3   494   63.2   64.8
693   15.8   12.2    6.3   475    62    61.1
694   77.4   61.6   29.6   458   61.6    61
695   46.4   35.4   17.7   494   63.1   69.9
696   26.3   18.3    9.7   485   62.9   64.6
697   29.2   24.1   13.7   474    62    62.1
698   70.2   52.7   27.8   480   62.3   64.9
699    60    42.6   21.3   503    64    68.6
700   66.6   47.5   23.2   492   64.2   64.9
701   27.4    20    10.7   497   64.2   64.9
702   43.6   34.1   19.1   477   63.2   60.5
703   51.1    38    19.3   486   63.1   64.1
704   24.8   19.1   10.1   492   63.9   66.2
705   29.7   24.3   13.7   475   62.8   60.9
706    62.5   43.4   23.6   475   62.6   63.1
707    38.5   27.9    15    499   64.2   67.5
708    40.7   32.3   17.7   487   63.4   62.2
709    81.4   59.5   29.8   489   63.3    64
710    54.1   36.3   18.4   511   64.9   67.7
711    60.7    44    22.8   492   64.7   62.8
712    21.3   13.2    7.2   496   64.7   63.7
713    11.8    7.2    4.2   469    63    58.2
714    12.7    9.2    5.3   457   62.1    59
715    29.5    24    14.2   456   61.2    60
716    66.8   46.8   24.2   478   62.4   65.4
717    36.8   29.5   15.1   492   63.4   65.4
718    11.5    8.7    4.7   483   62.7   62.3
719    66.5   50.5   26.4   466    62    61.1
720    33.8    23    11.1   502   63.5   67.5
721    33.3   24.5   12.9   488   63.6   64.3
722    34.8   24.5   12.7   484   63.2   61.9
723    61.1    46    25.4   479   62.6    62
724    56.6   39.8    19    512   63.9   67.3
725     84    55.6   26.9   499   63.9    64
726    12.4    8.5    4.8   509   64.1   64.8
727     47    28.6   13.1   476   63.3   60.6
728    23.6   18.2    9.5   476   63.1   61.2
729    92.4   65.1   31.8   476   62.6   60.5
730    51.3   38.3    19    493    63    64.5
731    13.9    9.7    5.2   485   62.5   62.5
732    41.2    34     19    459   61.5   60.3
733     65    46.9   23.5   475   62.3    67
734     81    57.2   26.5   500   63.3    68
735    35.3   27.6    14    500   63.9   66.3
736    25.1   19.6   10.2   487   63.5   62.2
737    77.6   58.3   30.6   480   63.1   61.9
738    47.5   36.5   17.3   507   64.5   67.9
739    16.4    13       7   491   63.9   62.6
740     10     7.9    4.2   469   62.6   59.5
741     7.3    5.8    3.5   457    62    58.9
742    32.1   25.3   14.7   455    61    59.3
743    68.1   44.3   21.5   484   62.3   65.6
744    75.3   42.2   19.5   496   62.9   65.8
745    33.5   24.4   12.4   494   63.2   64.8
746     80    54.7   27.5   489   62.8   62.7
747    44.2   28.5    13    500   63.4   66.6
748    62.3   43.2   21.1   486    63    62.8
749    83.8    56    25.4   485   62.9   64.1
750    26.5   19.4    9.8   500   63.4   66.5
751    86.1    61    29.7   479   62.4   61.3
752    95.1   60.4   27.8   493   63.1   66.6
753    50.2   37.9   19.3   493   63.5   65.6
754     77    57.7    30    490   63.1   64.1
755    37.2   26.7   12.3   510   64.2   68.5
756    30.3   22.7   11.5   486   63.2   61.7
757    69.1   51.8   26.7   479   62.7   61.7
758    69.8   46.8   22.1   507   64.2   68.5
759    61.5   46.6   24.2   497   64.1   65.3
760    47.2   30.5   15.5   508   64.3   65.6
761     23    17.4    8.9   500   63.9    63
762    40.7   30.1   15.2   478   63.3   59.9
763    84.6   60.3   29.6   478   62.9   61.8
764    27.9   17.4    9.2   511   63.9   67.6
765    20.5   15.6    8.1   479   62.8   61.3
766     74    52.1   27.5   459    62    60.9
767    33.8    22    11.2   503   63.2   68.5
768     71    51.3   25.6   484   62.9   63.5
769    32.6   23.6   11.9   504   63.4   66.2
770    52.4    39    19.5   492   63.3   63.8
771   105.6   75.7   36.7   500   63.2   63.5
772    65.7   45.5   23.2   518    64    67.9
773    27.8   21.1   10.3   503   63.7   63.9
774    39.7   30.4   15.1   483   62.9   61.5
775   84.6   63.6    32    485    63    63.1
776   37.2   24.9   12.4   518   64.4    68
777   79.6   57.2   29.3   492   63.7   61.8
778   25.5   17.8    8.8   516   64.4   66.8
779   38.7   29.5   14.8   489   63.6    62
780   60.1   47.8   24.9   487   63.2   61.6
781   38.7   27.3   13.4   513   63.9   66.8

782   37.3   27.7   13.8   495   63.8   63.4
783   48.8   37.7   20.3   489    63    61.6
784   51.3   37.2   17.8   496   63.3   65.1
785   16.3   12.1    6.3   500    64    65.9
786    42    32.7   18.9   470   62.4   60.2
787   68.8   49.3    24    487   63.1   66.6
788   36.1   26.7   13.3   508   63.9   66.1
789   22.1   16.1    8.5   489   63.1   62.5
790   67.4   48.8   25.4   481   62.5   61.9
791   39.4   25.7   13.3   507   64.7   67.1
792   80.5   55.7    26    488   64.3   61.8
793   108    73.5   35.1   502   64.4   63.7
794   35.7    27    13.4   515   64.8   66.2
795    69    53.4   28.1   491   64.1   61.1
796   67.8   50.2   25.2   517   64.7   65.9
797    48    34.9   17.3   511   64.9   64.8
798   84.1   59.6   29.9   498   64.2   61.1
799   38.9   25.4   12.7   522   64.9   66.1
800   55.6   39.8   20.8   489   64.1   60.6
801   13.9   10.3    5.3   497   64.3   63.2
802   17.6   14.7    7.7   472   63.2   59.3
803   16.4   12.7    6.4   459   62.1   60.4
804   14.7   10.1    5.4   468   62.1   61.4
805   23.3   15.3    7.6   471   61.7   61.6
806   37.3   25.1   11.5   475   61.6    62
807   32.5   22.7   12.8   510    62    63.4
808   58.1   40.3   20.3   517   62.6   65.6
809    22    16.8    8.6   511   63.4    66
810   44.1   33.2   17.4   485   62.7   61.9
811   53.4   36.4   18.6   495   62.9   64.4
812   25.3    20    10.9   508   63.4   65.7
813   13.7    9.6    5.5   481   62.5   61.6
814   26.8   19.1   11.3   467    62    61.4
815   46.5   35.4    19    486    62    64.4
816    82     54    25.4   510   63.5    67
817   31.6   19.4   10.5   512   63.9   66.4
818   23.8   18.3    9.9   488    63    61.9
819    9.5    6.4    3.5   476   62.1   61.9
820   18.1   14.2    7.5   465   61.4   61.7
821   72.8   55.1   27.7   482    62    63.6
822   22.9   14.8    8.1   515   62.7   67.6
823   15.5   11.3    5.7   494   62.3   64.2
824   13.4   10.4      5   471   61.6   62.2
825   14.6   10.8    5.1   464    61    62.4
826   26.8   21.4   12.7   469   60.7   63.1
827   72.9   51.3   26.4   505    62    67.2
828   37.8   29.8   15.3   519   63.1   67.4
829   80.4    62    32.4   496   62.9    64
830    45    30.9   16.2   530    64    68.3
831   29.9   23.3   13.2   502   63.9   64.4
832   75.7   54.8   29.9   491   63.2   62.3
833   42.8   32.2    17    529   64.9   66.8
834   31.2    24    12.2   499   64.4   61.6
835   20.1   15.2    8.2   491   63.4   60.8
836   62.4   45.5   24.7   483   62.7   60.8
837   45.7    34    16.6   525   64.5   65.8
838   50.3   35.7   18.5   503   64.4   62.1
839   99.7    68    33.1   507   64.2   62.9
840   92.2   61.2   28.8   534   65.5   66.8
841   37.9   26.9   13.3   510   65.6   64.2
842   14.9   10.8    5.1   494   64.7   59.9
843   79.9   55.3   28.6   471   63.7   58.4
844   30.5   21.5   10.3   508   64.4    65
845    22    16.5    8.5   495   63.8   61.8
846   81.8   61.9   32.2   476    63    60.3
847   57.5   40.5   17.8   518   63.8   66.5
848   39.7   26.6   12.6   506   63.8   64.2
849   34.9   25.3   12.5   487   63.2   61.6
850   78.4   56.9   28.8   481   62.8   62.6
851   81.6   52.5   25.6   527   64.2   67.8

852   39.8   28.2   13.9   519   64.9    66
853   12.1    9.5    4.7   494   64.1   61.3
854    6.1    3.8    2.1   464   62.8    59
855    13    10.4    5.1   450   62.2   59.8
856   52.8   40.9   22.1   462   61.7   61.6
857   36.4   26.3   13.5   502   62.9   67.6
858   22.9   17.8    9.3   490   62.8   63.7
859   15.3   11.2    5.9   480   62.2   62.4
860   14.9    9.2    4.7   471   61.5   62.4
861    44    31.5   17.6   475   61.7    63
862   51.1   34.7   17.7   515   63.5   66.8
863   20.8   15.7    8.2   506   63.9   64.2
864      7    5.3    2.9   485   63.2   61.7
865   31.4   23.9   12.3   472   62.6   60.8
866   81.9   59.6   30.8   503   63.2    63
867   37.7   26.9   13.8   531    64    66.7
868    81    58.6   28.8   498   63.4   62.8
869   33.2   24.6   11.3   515   63.8   64.9
870   44.4   25.2   12.2   494   63.5    63
871    82    57.5   28.5   484    63    61.6
872   76.2   59.4   28.8   513   63.6   65.2
873   39.5   27.9   13.3   530   64.1   66.2
874   71.6   50.1   25.1   492   63.7   62.3
875   32.2   22.4   10.9   499   63.8   63.2
876   57.2   41.8   20.7   495   63.3   61.8
877   80.1    59     30    498   63.3   63.3
878   39.8    30    15.3   518   64.2   65.9
879   14.9   11.1    5.2   492   63.3   61.5
880    5.8    4.4    2.7   467   62.1   60.4
881   16.5    11     5.4   463   62.1   61.1
882   39.3   27.8   14.2   470   61.5   61.6
883   71.3    50    25.3   509    62    63.5
884   59.6   41.4   20.5   521   63.3   66.9
885   73.6   47.7   23.4   510   63.5   64.5
886   35.1   27.1   13.8   508   63.7   64.4
887   71.4   54.8   28.6   493    63    62.2
888   55.5   38.6   18.5   522   63.8    66
889   83.9   51.1   22.2   513   64.2   65.1
890   22.4   14.9    7.8   498    64    62.7
891   82.5   62.4   31.2   486   63.2   60.6
892    49    36.8   17.3   506   63.5   64.1
893   15.6    11     5.8   504   63.5   63.6
894    8.9    6.4    3.3   470   62.3   60.3
895   45.2   36.9   20.6   457   61.7   61.3
896   68.5   44.3   21.2   497   62.6   66.6
897   35.2   25.2   12.8   512   63.1   65.8
898   66.5   51.4   27.3   491   62.6   63.3
899   24.4   18.4    6.9   521   63.9    67
900   31.7   24.6   12.5   483   63.3   62.2
901   73.6   57.7   30.3   482   62.7   62.4
902   43.3   32.1   15.9   525   63.9   66.9
903   17.7   12.9    6.2   497   63.5   63.2
904   24.3   18.3    9.6   473   62.7   60.9
905   68.5   52.1   26.8   488   62.7   63.1
906   47.6   34.4   17.7   524   63.7   66.7
907   48.8   37.8    21    500   63.5   63.4
908   50.3   35.9   18.8   515   63.8    65
909   36.4   26.3   13.2   510   64.5   64.1
910   70.1   50.1   24.1   495   63.8   61.3
911   45.3   32.6   16.2   529   64.3   64.4
912   33.5   25.3   13.2   513   64.1    63
913   14.5   10.2    5.1   491   63.3   61.5
914   62.9   49.2   26.2   474    63    61.3
915   44.8   32.7   16.9   522    64    65.5
916   56.3    43    22.5   512   64.2   63.8
917   44.2   31.9   16.1   525   64.4   64.1
918   29.8   23.4   12.5   509   64.3   62.6
919   58.6    46    24.3   494   63.6   60.7
920   57.3   41.4   20.8   515   64.1   63.7
921   18.3   14.9    7.7   513   64.2   62.8
922   10.4    7.5    3.8   472   62.9   60.3
923   15.4   11.3    5.5   457   62.3   60.4
924   55.2   42.9   23.3   465   61.8   61.7
925   50.4   36.6   18.4   519   63.1   66.6
926   31.3   24.1   12.5   518   63.4   64.2
927    7.1    5.8    2.7   490   62.9   62.7
928    5.8    4.5    2.2   469   62.1   61.6
929      6    4.7    2.7   463   62.1   61.5
930    24    14.9    6.9   470   61.9   61.8
931   65.8   29.9   16.2   506   62.1   63.2
932   40.7   25.4   13.4   523   63.2   65.9
933    15    10.8    5.2   492   62.9   63.1
934   30.2    23    12.8   472   62.3    62
935   69.4   46.5    24    500   62.6   64.6
936   77.7   53.8    26    524    64    65.2
937   49.4   34.1   16.5   517   64.3   64.3
938   58.8   42.7   21.2   502   64.1   62.9
939   54.4   39.5   19.7   506   63.9   62.7
940   29.5   22.7   11.9   504   63.9   62.6
941   97.1   65.4   30.1   492   63.3   61.6
942    29     21    10.5   515   63.7   64.1
943   75.9   57.5    29    495   63.2   62.2
944   53.1   38.6   19.1   512   63.6   64.5
945   60.9   47.8   25.4   512   63.7   63.6
946   65.8   44.2   21.4   519    64    64.3
947   48.1   32.1   15.1   513   64.2   63.6
948   30.2   18.4    8.4   500   63.7    62
949    6.9    5.9      3   478   63.2   61.1
950      8      6    2.7   461   62.4   60.5
951   28.1   23.1    13    450   61.6   61.8
952   68.5   47.7    23    485   62.4   65.5
953   37.8    28    13.7   514   63.1   65.9
954   68.8   49.1    25    498   62.9   64.2
955   23.5   16.3    8.3   522   63.8   66.2
956   31.7   23.5   11.3   487   63.2   62.5
957   59.8   45.7   24.2   483   62.6   62.7
958   66.9   48.9   23.3   513   63.5   65.6
959   64.4   47.4   24.5   513   64.5   63.6
960   38.5   27.7   13.9   515   64.7   63.3
961    31    24.6   13.1   494   64.4    62
962   32.6   24.4   12.2   489   63.4   61.2
963   42.8   34.5   18.5   485   63.2   62.3
964   90.6    58    26.9   513   63.9   64.5
965   70.9   50.5    25    520   64.7   63.9
966   39.4   27.3   13.1   514    65    63.4
967   61.2   44.3   21.3   501   64.4   61.4
968   61.7   41.4   21.4   509   64.4   61.7
969   17.3   10.3    5.6   513    65    62.7
970   24.8   18.2    9.5   483   64.5   60.2
971    17    12.1    6.1   479   63.4   60.4
972   18.6   11.5    6.1   462   62.3    61
973   38.3   21.1   12.6   477   62.5   61.6
974   73.8   50.4   25.2   516   63.1   64.5
975   38.2    28    13.5   530    64    65.2
976   12.1    8.7    4.3   500   63.4   62.7
977   16.9   13.1    6.1   475    63    61.9
978   59.4   40.8   22.2   479   62.4   62.3
979   86.5   57.1   27.4   521   63.6   65.9
980   82.7   51.8   23.8   530   64.3   65.6
981   70.3   49.5   22.7   509   64.3   63.8
982   32.9   21.2    10    503   64.2   62.9
 983    76.4   53.5   26.7   492   63.7   62.4
 984    32.4   24.4   12.2   503   63.7   63.6
 985    24.1   18.6    9.5   498   63.4   62.8
 986     9.6      7    4.3   483   62.8   62.4
 987   106.4   74.3   29.8   470   62.4   62.2
 988    60.6   43.5   20.7   527   64.1   67.2
 989     35     27    13.5   508   64.5   63.9
 990    32.6    23    11.3   497   63.9   62.3
 991    28.4   23.3   13.4   496   63.7   62.2
 992    68.7   48.6    24    506    64     64
 993    71.6   52.3   25.4   519    65    65.5
 994    63.9   42.5   21.1   508   64.9   63.8
 995    66.9   46.7   22.5   514   64.8   63.1
 996    39.5   24.8   11.5   510   64.8   63.4
 997    48.4   34.8   17.6   499   64.3   62.7
 998    56.2   38.4   18.2   490   63.8   63.1
 999    39.5   27.1   12.4   504   63.9   64.6
1000    89.8   62.2   28.9   491   63.3   62.6
1001    27.8   19.6    10    522    64    66.6
1002    13.9    9.8    5.2   492   63.1    63
1003     7.2    5.4    2.8   466   62.4   62.2
1004       7      5    2.9   458    62    62.5
1005    62.6   47.5   24.1   484   62.1   63.9
1006    46.6    34    17.1   525    63    69.3
1007    48.3   37.4    19    520   63.5   67.4
1008    47.8   34.8    18    514   63.5   66.5
1009    29.4   21.1   11.3   513   64.1   67.1
1010    37.6   31.5   16.7   495   63.4   63.2
1011    77.8   55.4   26.5   504   63.5   65.7
1012     69     47    23.2   527   64.5   67.6
1013    32.2   21.4   10.2   510   64.5   65.2
1014    65.7   48.7   24.8   500   63.8   63.1
1015     58     41    19.5   508   64.2   65.5
1016    87.5   62.4   29.9   514   64.2   64.9
1017    35.6   27.1   14.3   524   64.8   66.6
1018     18    13.4    6.9   503    64     63
1019     16     9.3    5.1   476    63    62.2
1020     17    11.7    5.8   481   63.1   62.8
1021    21.6   15.5    7.4   475   62.3   63.1
1022    29.4    20     9.1   475    62    63.4
1023    47.5   31.8   16.8   509   62.2   64.4
1024     28    17.9    9.2   519   63.5   67.6
1025    26.4   20.9   11.2   497   63.5   65.4
1026    20.9   15.2    7.5   496   63.1   64.4
1027    25.1   18.1    9.5   483   62.4   64.1
1028    64.5   49.2   25.9   488   62.7   64.7
1029    61.8   44.2   21.4   530    64    68.1
1030    25.8   19.4    9.6   517   64.1   65.9
1031    24.6   17.8    8.8   486   63.4   63.2
1032    15.4    9.6    5.1   482   62.7   63.5
1033    23.5   17.7    10    475   62.3   63.5
1034    57.8   42.6   22.1   511    63    65.8
1035    42.3   31.4   15.5   530   64.5    67
1036    64.9   49.7   25.4   508   64.3   64.4
1037    36.9   25.2   11.7   537   65.1   66.9
1038    62.6   39.5   18.6   506   64.7   63.8
1039     26    16.8    8.2   509   64.6   63.7
1040    77.8   47.8   23.9   491   64.2    62
1041    26.5   19.5   10.3   507   64.1   63.7
1042     9.8    7.3    3.7   489   63.1   62.8
1043    12.9   10.3    5.6   463   62.6   62.3
1044     9.6    7.2    4.1   471   62.2   63.3
1045    48.4   34.5   17.1   466   61.5   63.7
1046     38    24.6   12.2   513    62    65.7
1047    41.7   34.5   19.2   521   62.1   65.8
1048    53.4   36.9   18.1   541   63.3   68.3
1049    36.4   26.7   13.8   532    64    66.1
1050    10.7    7.1    4.3   504   63.7   64.2
1051    10.5    7.2    4.4   481   62.9   63.1
1052    15.1   11.2    6.4   483    63    63.5
1053   50.6    31    16.8   488   62.6    64
1054   32.4   22.6   11.3   520   64.6   66.4
1055   26.1   15.1    7.9   502   64.1   63.6
1056   18.1   10.9    5.5   491   63.2   62.9
1057   51.8   40.6   21.8   486   63.3   63.2
1058    37    26.9   13.1   528   64.3    67
1059    22    16.5    8.9   511   64.1   64.6
1060    16    11.1    5.8   490   63.2   62.9
1061   17.5    9.5    5.3   478   62.2   63.2
1062   42.4   33.5   18.6   475   62.1   63.9
1063   40.5   30.2   15.2   526   63.7   67.6
1064   21.4   16.3    9.2   515    64    64.9
1065    9.1    7.1    3.9   494   63.1   63.6
1066   49.4   39.6   21.8   482   62.9   63.5
1067   45.1   33.2   16.3   534   64.3   67.3
1068   56.2   36.3   17.4   522   64.6   66.2
1069   34.3   25.9   12.1   519   64.7   65.2
1070   63.5    45    21.9   498   63.9   63.3
1071   65.4   48.7    26    508    64    64.6
1072   47.3   32.7   15.4   528   65.1   67.7
1073   78.4   48.6   23.6   509   64.7   64.3
1074   31.1   22.3   11.9   522   65.1   65.5
1075   20.2   14.1    7.6   506   64.3   63.1
1076   53.8   38.1    18    485   63.5   62.8
1077   61.3   44.6   24.6   513   63.9   64.4
1078   35.4   23.5    12    539   64.8   67.8
1079   16.4   12.8    6.9   514   64.3   64.5
1080   14.3   10.8    5.9   480   63.4   62.3
1081    22    12.9    6.6   473   62.6   63.1
1082    30     23     13    474   62.3    64
1083    68    46.4   22.8   508   63.1   66.8
1084   27.7   21.3   10.1   523   64.1   67.7
1085   54.6   42.7    23    496   63.2   64.4
1086   57.7   39.1   19.6   518   64.2   68.2
1087   30.4   22.3   11.6   515   64.7   65.8
1088    15    10.9    5.8   499   63.9   63.6
1089   45.9   35.7   19.1   482   63.6   63.2
1090   80.1   57.4   27.6   525   64.4   66.7
1091   61.6   43.3   20.3   538   65.3   68.2
1092   56.3   37.6   18.7   526   65.5   66.3
1093   59.2   41.6   21.3   524   65.3   65.2
1094   72.9   53.2   27.3   511   64.8   64.1
1095   34.1   25.6   13.6   529   65.2   66.3
1096    19    14.4    7.8   506   64.3    63
1097   67.4   51.7   28.4   487   63.9    63
1098   31.8   22.8    12    531   64.9   68.5
1099   68.1   47.8   23.3   512   64.3   64.3
1100    16    11.9    7.1   523   64.6   66.2
1101   33.5    8.7    5.6   494   63.6    63
1102    9.4    5.8    3.4   466   62.7   63.2
1103   25.9   18.5   10.9   463   62.5   63.7
1104   62.8   45.6   22.3   497    63     67
1105   35.4   27.2   13.5   525   64.4   67.6
1106   26.3    18     9.7   509   63.8   64.9
1107   54.3   42.8   23.5   498   63.2   64.3
1108   58.2   42.5   20.5   525   64.3   68.1
1109   34.6   25.3   13.2   516    65    66.2
1110   83.8    63    31.5   504   64.1    64
1111   89.3    63    30.6   537   64.8   68.6
1112   31.9   23.4   12.2   538   65.2   68.5
1113   65.1   46.4    25    503   64.4   63.8
1114   36.9   21.2   11.4   542   65.5    69
1115   120    72.6   30.9   509   64.8   64.3
1116   75.2   44.4   20.1   529   65.2   67.1
1117   76.2   55.3   27.6   519    65    65.5
1118    96    68.2   32.2   523   64.9   66.2
1119   48.3   34.2   17.9   536   65.3   67.9
1120   48.8   31.7    16    508   64.8   64.8
1121    24    14.3    8.1   512   64.5    65
1122    6.6    5.2    2.9   482   63.4   62.6
1123   48.1   34.2   18.7   460   62.9   62.9
1124   41.5   24.8    12    512   63.6   68.4
1125   17.3   13.6    7.4   507   63.5   66.8
1126    8.7    7.3    3.8   479   62.5   64.5
1127    10       8    4.2   466    62    64.5
1128   31.8   25.2   13.2   487   62.1   65.4
1129   53.2   35.2   17.3   512   62.8   69.1
1130   62.4   47.6   24.8   513   63.3   68.4
1131   42.3   31.5   15.9   518   63.6   68.8
1132   31.5   24.3   12.4   509   63.5   67.1
1133    9.7    6.8    3.8   494   62.9   65.7
1134   18.7   12.2    6.3   477   62.6   64.9
1135   54.7   42.4    23    484   62.3   65.3
1136   52.9   37.3   18.7   527   63.5    70
1137   22.9   18.1    7.8   512   63.4   67.2
1138   63.3   46.8   24.2   486   62.8   64.7
1139   32.6   22.2   11.5   520   63.7   68.6
1140   31.5   22.6   13.6   504   63.4   66.7
1141    38     31    18.3   496   62.8   65.5
1142    54    40.4   20.2   512   63.4    68
1143   42.4   31.8   16.8   518   64.7   67.9
1144   97.4   73.2   36.9   504   64.4   65.3
1145   50.7   35.8   18.4   536    65    67.8
1146    66    47.7   25.5   506   64.5   64.9
1147   34.4   23.9   12.7   524   65.1    67
1148   22.4   17.6    9.9   498   64.3   63.4
1149   15.7   11.7    6.2   481   63.1   63.3
1150    7.7    5.5    3.4   472   62.5   63.8
1151   11.2    9.9    5.9   476   62.1   63.8
1152    38    28.5   14.8   486   62.4   65.8
1153   11.3    8.4    5.1   509   63.3   67.8
1154      9    6.8    4.4   482   62.6   64.7
1155    8.7    6.7    3.9   476   61.9   64.8
1156   17.2   12.1    6.8   487   62.1   65.1
1157   58.3   43.3   21.2   511   62.5   66.6
1158   34.8   24.1   13.1   514   63.6   68.7
1159   75.1   51.3   25.5   492   63.2    66
1160   69.3   47.7   23.6   512   63.7    68
1161   37.4   26.8   12.6   517   64.1   67.4
1162   25.5   19.3    10    492   63.3   64.3
1163   32.5   24.5   13.2   486   62.9   64.2
1164   48.8   39.1   21.7   495   63.2   65.7
1165   18.8   14.5    8.7   513   64.2   68.1
1166   22.3   16.6    9.5   486   63.3   63.7
1167   67.5   48.3   25.4   484   62.8   64.4
1168   37.1    28     15    519   64.1   68.5
1169   21.5   16.8    9.3   504   63.7   65.7
1170   19.4   15.1    8.6   493   62.9   64.5
1171   61.2   46.9   23.9   485   62.4   64.9
1172   48.7   32.8   17.2   518   64.4   67.8
1173   40.4   33.1   17.4   503   64.4   65.2
1174   65.4    48     24    509   64.2   65.1
1175   22.6   18.6    11    524    65     67
1176   22.8   17.3   10.4   494   64.1   63.1
1177   19.5   13.9    8.3   486   63.3   63.4
1178   44.2   35.9   19.7   476   62.6   63.8
1179   51.7   37.5   18.8   512    64    67.3
1180   45.3   33.7   17.5   510   64.6   65.4
1181   63.9   45.1   23.3   499   64.2   64.6
1182   20.3   16.6   10.9   518   65.1   66.4
1183   20.9    17    12.2   484   63.8   62.4
1184   15.9   13.3   10.7   465   62.5    63
1185    16    12.3    9.7   462   62.2   63.8
1186   23.4   19.1   13.4   477   62.1   64.3
1187   23.2   18.8   12.5   483   61.9   65.1
1188   42.7   32.4    18    500   62.2   66.1
1189   20.4   17.2   11.8   509   63.5   68.3
1190   19.1   15.2   10.3   491    63    65.3
1191   25.1   19.2    12    486   62.2   64.9
1192   58.6   44.4   23.9   495   62.4    66
1193   36.4   24.9   13.9   524   63.4   68.4
1194   36.7   27.7   14.6   500   63.6   66.8
1195   69.2   48.6   24.2   497   63.3   65.8
1196   29.5    21    12.9   512   63.7   66.8
1197   44.5   33.4   18.7   497   63.2    65
1198   83.1   52.1   26.7   500   63.3   66.3
1199   18.5   14.4    8.3   517   64.2   68.1
1200   54.9   40.9    21    490   63.4   64.4
1201   36.5    25    13.2   499   63.6    66
1202   23.8    18    10.3   500   63.7    66
1203   61.7   44.8   22.2   489    63    64.3
1204   41.6   28.8   14.7   501   63.4   66.6
1205   20.5    16     9.4   500   63.6   66.4
1206   12.1    9.1    5.9   485   62.7   64.3
1207   34.4   27.1   15.3   472   62.2   64.1
1208   44.9   32.8   16.6   496   62.8   67.4
1209   24.6   18.8   10.7   502   63.2   67.3
1210   30.8   24.6    14    491   62.6   65.5
1211   62.3    44    21.8   490   62.7   66.5
1212   24.7    19    11.2   504   63.9    68
1213    21    15.2    8.5   490   63.3   64.5
1214   40.1   30.4   16.7   482   62.7   64.1
1215   53.3   41.5   22.1   494   63.2   65.9
1216   33.1    25    13.6   504   64.5   66.3
1217   17.4   13.3    8.5   492   63.8   63.8
1218      9    7.6    5.4   480   62.6   63.2
1219    7.6    6.8    4.9   472   62.4   63.4
1220   22.9   15.4   10.8   473   61.8   63.6
1221   54.5   41.4   20.9   491   62.7   66.7
1222   25.4   19.1    11    505   63.7   67.1
1223    9.5    7.6    5.2   492   63.3   65.1
1224   49.2   39.4   20.2   483   63.1   64.5
1225   30.6   21.3   11.3   504   64.1   66.9
1226   24.2   17.5   10.2   490    64    64.6
1227   37.6   30.8   17.5   488   63.3   63.5
1228   38.2    28    14.4   495   63.8   65.8
1229   16.1   11.7    7.9   494   64.3   64.9
1230   11.6    9.4    6.2   476   62.8   62.5
1231    8.3    6.5    4.9   459    62    63.7
1232   11.7      8    5.3   459   61.7   64.2
1233   18.8   13.9      8   476   61.9   64.7
1234   43.9   28.7   16.6   486   61.8   65.9
1235   31.6   22.5   12.1   503   63.5   67.9
1236   22.2   17.8   10.4   487   63.1   65.3
1237   55.4   42.3   22.3   486   62.4    65
1238   41.5   26.8   14.3   499   63.2   67.6
1239   21.8   17.2    9.5   492   63.5   66.1
1240   32.2   25.2   14.1   483   62.6   64.5
1241   55.5    43    22.4   488   62.7   66.2
1242    27     20    11.9   503    64    67.6
1243   81.4   55.7   26.2   489   63.5   64.7
1244   45.1   27.6   15.3   502   64.2   66.5
1245   20.6   16.4   10.7   492   63.8   64.7
1246    20    15.9    10    481   62.7   63.7
1247   14.1   11.9    8.3   470   61.9   64.7
1248   22.1   16.8   10.6   473   61.4   64.9
1249    22    16.8   10.4   483   61.8   65.4
1250   27.2   21.1   11.9   488   61.6   66.1
1251   40.1   27.1   15.3   489   61.6   66.3
1252   56.9   43.6   22.6   507   62.2   67.1
1253   50.6   34.3   17.9   504   63.8   67.2
1254   56.1   40.4   20.5   490    64    65.4
1255   25.6   19.9   11.3   496   64.4   65.7
1256   21.1   15.8    9.2   490   63.5   63.4
1257   61.1   43.3   21.7   483   63.3   63.6
1258    23     17    10.1   502   64.1   66.1
1259   25.1    19    11.2   492   63.4    64
1260   19.2   14.8   10.4   485   62.8   63.8
1261   19.6   11.2      8   477    62    64.2
1262   13.2    9.6    6.6   478   61.7   64.6
1263   15.5   11.4    7.4   483   61.6   64.9
1264   18.5   14.4    8.6   484   61.3   65.7
1265   33.9   23.7   12.9   486   61.4   65.8
1266   23.8   17.3    9.5   506   61.8    67
1267   26.9   19.1   10.5   492   61.6   66.6
1268   45.9    33    18.6   496   62.1   66.9
1269   22.7   18.5   10.9   500   63.5   67.6
1270   59.9    39    20.5   490    63    65.1
1271    18     13     8.8   503   63.8   66.9
1272   69.9   48.6   23.2   490   63.2   64.7

1273   33.7   21.7   11.7   501   63.7   66.2
1274    21     15     9.2   494   63.6    65
1275    14     9.9    6.3   487   62.9   63.9
1276   12.1    9.1    6.3   480   62.1   64.1
1277   18.7   14.7    8.4   485   62.5   64.6
1278   54.7   41.4   20.9   494   62.6   65.4
1279   40.1    28    15.1   500   63.6    67
1280   25.4   20.3   12.8   493   63.7   65.1
1281    18    14.4   10.1   493    63    64.3
1282   19.1   15.2   10.7   485   62.4   64.1
1283    21    16.6   11.9   487   62.5   64.5
1284   23.1   18.2   12.5   487   62.1   64.7
1285   44.7   35.6   19.2   491   62.3   65.6
1286   37.8   28.3   15.7   502   63.5   67.3
1287   27.2   20.6   12.4   494   63.6   65.3
1288   17.8   13.5    8.8   488   62.8   64.7
1289   19.6    15     9.8   486   61.9   64.5
1290   22.4   15.4   10.2   491   62.4    65
1291   44.6   31.8    18    497   62.3   65.8
1292   49.7    28    14.7   504    64    66.8
1293   65.1   44.1   22.5   496    64    64.9
1294   17.1    13     8.5   502   64.6   65.9
1295    20    15.7    9.9   489   63.4   63.2
1296   17.6   13.7    8.8   482   62.6   64.3
1297   77.7   47.4   25.8   478   62.1   65.3
1298   41.3   28.8   15.2   500   63.6   68.2
1299   60.8   43.5   24.5   494   63.3   65.8
1300   36.2   26.3   14.6   503   63.9    67
1301    35    27.8   16.2   500    64    65.5
1302    69     52    27.4   503   63.8   65.4
1303   27.1    19    11.1   510   64.6   66.7
1304   21.6   15.8    9.7   496   64.5   64.9
1305   20.8   17.2   10.8   495   63.5   63.3
1306   21.2   15.5    10    493   63.3   63.8
1307   28.6   21.9   12.1   487   62.9   64.4
1308   32.3    27    16.2   497   63.2   65.4
1309   50.4   37.8   19.2   508   63.7   66.5
1310   55.5   36.8   18.1   502   64.4   66.2
1311   15.4    13     8.7   501   64.3   64.9
1312    27    20.6   12.1   494   63.2   63.4
1313   17.6   14.6    9.5   485   62.7    65
1314   11.3    9.6    7.6   485   62.3   65.4
1315    9.8    8.3    7.2   487   61.9   65.2
1316    9.7    8.5    6.9   493   61.6   65.2
1317   22.6   18.8    12    495   61.4   65.5
1318   37.2   27.2   14.7   504   62.4   68.1
1319   44.4   30.2   15.2   508   63.7   66.8
1320   28.6   22.3   12.7   500    64    66.2
1321   17.3    13     8.5   502   63.5   65.1
1322   21.2   15.5    9.4   495   62.8   64.3
1323    44    29.8   17.6   496   62.6   64.7
1324   22.9   17.5   10.3   507   63.6   66.9
1325    30    22.6    13    498   63.4   64.7
1326   24.3   18.5   10.5   500   62.9    65
1327   49.6   39.1   21.4   494   62.5   65.2
1328   57.5   41.9   20.5   509   63.8   66.9
1329   60.9   44.9   23.9   505   64.6    65
1330    43.9   31.9   16.9   507   64.8   65.3
1331    19.2   15.4      9   502   64.9   64.6
1332   100.8   58.9   25.5   497   63.9   62.1
1333     23    16.4    9.7   505    64    63.8
1334    23.2   15.3    9.2   498   63.3   63.1
1335    20.7   14.6    8.6   491   62.5   63.3
1336    27.2   20.3   11.1   488   62.3   63.6
1337    42.4   30.7   16.3   494   62.2   64.4
1338    32.7   22.3   12.1   505   63.5   66.9
1339    26.6   20.3   11.4   498   63.3   64.9
1340    55.7   41.5    21    492   62.7   64.3
1341     48    32.4    16    503   63.6   66.9
1342    36.1   27.7   14.8   507    64     66

1343    58.1   42.2   21.7   501   63.6   64.3
1344    53.9    36    18.4   512   64.3   65.6
1345    39.1   26.9    14    506   64.1   64.5
1346    23.7   20.3   11.8   505   63.8   63.9
1347    67.3   50.1   25.8   494   63.1   63.1
1348    13.1   11.4    7.5   504   63.8   66.1
1349    12.8   10.1    7.2   496    63    63.4
1350    14.6   11.6    7.7   483   62.2   63.4
1351    63.9   48.8   25.8   491   62.3   64.7
1352    37.6   28.7   15.5   511   63.7   67.3
1353     27    20.4   12.2   499    64    64.7
1354    26.4   17.8   10.4   502   63.7    64
1355    38.9   30.1   16.4   498   63.5   63.8
1356    46.4   34.3   18.4   507   63.8   64.4
1357    35.7   25.1   13.8   510   64.6   65.7
1358     40    30.2   16.2   502   64.5   63.9
1359    23.7   18.7   11.1   508   64.5   63.6
1360    35.8   28.1   15.9   504   63.8   62.3
1361    46.5    34    18.5   501   63.5    63
1362    24.1   18.6   11.8   510   64.7   64.5
1363    18.2   14.5      9   506    64    62.2
1364    11.5    9.1    7.3   497   63.2   62.2
1365    16.8   12.9    8.2   490   62.8   62.4
1366    17.1   12.7    8.8   507   62.9    63
1367    34.5   24.3   12.7   497   62.3   63.2
1368    42.6   22.3   13.7   498   62.6   63.7
1369     53    38.7   19.2   511   63.8    65
1370    53.6   38.1   18.6   506   64.9   63.9
1371    24.4   16.7    9.9   508   65.1   63.4
1372    20.4   13.1    8.5   501   64.6   61.7
1373    43.3   31.2   17.2   492   63.4   60.8
1374    49.9    33    16.9   498   63.9   63.7
1375    24.3   15.1    9.4   509    64    63.8
1376    10.7    8.1    6.5   493   62.9    62
1377     9.1    7.6      6   478   62.2   62.1
1378     8.7    7.3    5.9   473   61.7    63
1379    14.7   10.5      7   480   61.5   63.7
1380    22.7   14.8    9.1   494   61.5   64.3
1381     40    27.6   14.9   498   61.5   65.1
1382    31.4   21.4   11.4   508   62.8   66.7
1383     42    27.1   14.2   498   63.1   65.2
1384    17.3   13.9    8.9   504    63    64.5
1385     27    20.3   11.3   497   62.4   63.5
1386    60.2   41.3   22.9   494   62.1   64.5
1387    41.8   30.6   16.1   509   63.8    66
1388    28.9   21.7   11.9   498   64.1   63.5
1389    67.6   36.6   20.8   498   63.3   62.5
1390    51.9   36.8   18.3   506   64.1   64.3
1391     29    22.9   13.5   500   64.8   62.5
1392    14.8   11.4    7.3   497   63.9   61.5
1393     7.5    6.5    5.8   491   62.5    61
1394     9.1    7.6      6   488   62.5   61.2
1395    10.1    8.5    6.1   483    62    61.7
1396    17.1   12.2    7.6   484   61.9   62.5
1397    12.5    9.3    6.7   491   61.3   63.5
1398    23.9   16.8    9.3   495   61.3   63.7
1399   17.9   10.8    7.4   501   61.6   63.9
1400   44.5   33.8   18.7   500   61.3   64.7
1401   39.8   27.8   14.2   509    63     67
1402   28.9   20.7   11.2   501   63.3   64.7
1403   34.8   23.7   12.5   499    63    63.6
1404   39.2   31.8   15.6   498   63.1   63.5
1405   46.2   27.1   14.1   505   64.5   63.8
1406   29.9   21.7   11.8   493   65.1   61.6
1407   14.5   10.3    6.3   493   64.2   60.6
1408    8.9    6.8    5.6   490   63.2   60.2
1409    12    10.5    7.2   489   62.9   60.5
1410    34    27.2   13.7   490   62.9   61.7
1411   30.5   21.4   12.1   504   64.4   62.5
1412   14.3   11.2    7.4   498   64.2   61.4
1413    8.3    6.8    5.7   490    63    60.4
1414    9.4    7.1    5.7   486   62.8   60.4
1415      9    6.9    5.6   480   62.3   60.3
1416    8.6    6.9    5.5   475   61.8    61
1417    8.1    6.5    5.4   480   61.1   61.6
1418    7.6    6.5    5.2   484    61    62.1
1419   32.4    24    13.4   493    61    63.1
1420   10.4    8.3    6.1   500   62.2   66.2
1421   10.1    8.5      6   493    62    63.6
1422      9    6.4    5.5   490   61.4    63
1423      8    6.5    5.5   487    61    62.7
1424    11     8.4    5.8   490   61.1    63
1425   10.1    7.7    5.8   498   61.3   63.6
1426   13.5      9    6.1   496   61.2   63.8
1427   27.9   22.1   12.4   496   61.5   64.1
1428   12.6   10.3      7   494   62.6   65.2
