10   18.6   13.2    6.8   442   64.5   53.7
11   12.9    5.4    3.2   436   63.7   52.9
12    5.9    5.2      3   433   63.3   52.9
13   32.7   21.3   11.9   437   63.5    54
14   51.2   36.7   17.4   449   64.6   56.4
15   69.8   46.7   21.9   447   64.6   54.9
16    24    16.7    7.6   445    65    54.9
17    31    19.3    10    438   63.9   53.6
18   19.5   13.3    6.9   434   63.1   53.9
19   23.4   18.2   10.4   439   63.5   54.1
20   61.9   44.1    20    454   65.1   56.7
21   28.3   21.9   11.5   441   65.3   54.4
22   15.6   10.1    5.7   439   64.2   53.3
23   12.1    7.8    4.4   434   63.8   52.8
24   18.5    15     7.9   438   63.8   53.2
25   52.3   38.5   18.9   449   64.6   56.3
26   24.4   18.9    9.9   442   64.4   54.6
27    12     9.9    5.3   437   63.6   54.1
28   10.1      8    4.2   430   62.9   54.4
29    7.8    5.4    3.1   430   62.4   54.6
30    7.4    5.4    3.1   434    62    54.9
31    6.2    5.2    3.2   436   61.7   55.4
32    8.4    6.3    3.4   440   61.9   54.9
33   37.4   27.6   13.9   443   62.6   58.1
34    27    19.2    9.5   444   63.6   57.8
35    9.8    7.1    3.9   444    63    56.1
36    8.8    5.5    3.2   440   62.8   55.2
37    6.9    5.7    3.2   437   62.4   55.4
38    8.8    6.9    3.8   439   62.3   55.4
39    9.8    7.7      4   442   61.7   56.1
40   17.4   11.5    5.6   441   61.5   56.4
41   12.2    9.1    4.8   443   61.8   55.7
42      9    7.3    4.3   441   61.5   56.2
43      9      7    4.1   442   61.3   56.5
44    8.4    6.9    3.8   439    61    56.4
45    9.5    6.9    3.7   440   60.8   56.6
46    8.2    6.3    3.7   441   60.6   56.9
47    8.1    6.5    3.4   440   60.6    57
48    7.6    5.5    3.1   440   60.6   57.1
49    7.4    5.4      3   439   60.5   57.3
50    6.6    5.3      3   442   60.5   57.4
51    7.8    5.2    2.9   440   60.6   57.4
52    7.6      5    2.7   441   60.6   57.5
53    6.2    4.9    2.7   441   60.6   57.4
54      6    4.5    2.6   440   60.6   57.2
55    6.6    5.2    2.7   441   60.6   57.1
56    7.1    4.9    2.7   441   60.6   56.9
57    6.4      5    2.6   440   60.5   57.2
58    8.2    5.2    2.6   442   60.5   56.9
59    7.1    4.9    2.6   440   60.4    57
60    6.4    5.1    2.7   440   60.5   57.2
61    8.1    5.1    2.5   441   60.4   57.5
62    8.1    5.3    2.6   439   60.6    57
63   23.4   16.1    6.8   441   60.8   57.5
64   35.1   25.2    11    442   61.7   59.5
65   13.3    9.4    4.1   436   61.9   58.2
66    8.4    6.3    3.1   438   61.5   57.3
67    8.8    6.1    2.8   437   60.9   57.2
68      8    5.7    2.9   437   60.9   57.1
69    9.5    6.2    2.8   441   60.8   57.3
70    7.1    5.2    2.7   441   60.7   57.2
71    6.7    4.7    2.5   439   60.6   57.1
72    6.7    5.1    2.7   439   60.7   56.7
73    6.7    4.4    2.6   439   60.6    57
74    7.6    5.5    2.5   436   60.6   56.9
75    7.9    5.4    2.6   438   60.5   57.1
76    6.6    4.7    2.6   439   60.5   57.4
77    6.7    4.8    2.6   440   60.5   57.3
78    7.8    5.2    2.7   439   60.4   57.8
79    8.7    5.5    2.7   441   60.4   57.7
 80     9.1    6.1   2.7   439   60.4   57.5
 81     8.7    6.2   2.8   441   60.4   57.7
 82     8.9    5.9   2.7   439   60.4   57.7
 83     9.3    6.1   2.8   440   60.3   57.7
 84     7.5    5.5   2.8   440   60.3   57.8
 85     9.8    5.3   2.8   437   60.2   57.8
 86     7.7    5.6   2.8   436   60.2   58.1
 87     7.7    5.2   2.7   438   60.1   58.1
 88     8.1    5.6   2.7   437   60.2   57.9
 89     6.6    5.1   2.7   438   60.2   57.9
 90       9    5.6   2.7   441   60.2   57.9
 91   108.3   26.3   5.1   436   60.1   57.8
 92   137.3   26.5     5   442   60.1   57.8
 93    58.1   10.5   3.3   438   60.2   57.7
 94    72.9   16.7   3.5   439   60.1   57.8
 95     9.6    5.8   2.6   439    60    57.8
 96    13.3    6.8   2.7   440    60    58.2
 97     8.4    5.3   2.6   438    60    58.6
 98     8.3    4.6   2.6   440   59.9   58.6
 99     7.4    4.9   2.5   439   59.9   58.4
100     7.4    5.1   2.5   436   59.9   58.7
101     13     5.4   2.5   438   59.9   58.7
102     7.5    5.4   2.5   438   59.9   58.6
103     8.8    5.1   2.7   436   59.8   58.6
104     7.8      5   2.6   441   59.8   58.7
105     6.7    5.2   2.5   435   59.7   58.7
106     8.8    4.6   2.5   436   59.7    59
107     6.5    4.6   2.5   437   59.7   59.4
108     6.9    4.9   2.4   438   59.6   59.3
109     8.7    5.1   2.4   436   59.6   59.5
110     8.6    5.5   2.5   438   59.6   59.3
111     6.9    5.1   2.4   440   59.6   59.4
112     6.5    4.8   2.3   437   59.6   59.3
113     6.8    4.9   2.3   438   59.5   59.7
114     9.3    4.6   2.3   437   59.4   59.6
115     6.6    4.3   2.4   437   59.5   59.7
116     5.8      4   2.3   438   59.6   59.6
117     7.7      5   2.3   438   59.5   59.9
118     9.1    5.3   2.4   438   59.6   59.9
119       9      5   2.3   437   59.5   60.2
120       7    5.2   2.3   437   59.6    60
121     5.7    4.5   2.3   436   59.6   60.2
122    13.8    5.7   2.5   437   59.7   59.4
123     6.5    4.1   2.3   439   59.8   59.6
124     6.5    4.6   2.3   436   59.7   60.1
125     7.5    4.7   2.4   437   59.7   60.2
126     7.8      5   2.4   439   59.7   60.4
127     6.6    4.7   2.5   438   59.8   59.9
128     6.3    4.3   2.5   439   59.8   59.9
129     7.4    5.1   2.6   440   59.8   60.4
130     6.6      5   2.5   441   59.8   60.5
131     7.5    5.1   2.6   439   59.7   60.5
132     6.8      5   2.6   442   59.8   60.5
133     7.4    5.4   2.6   440   59.8   60.6
134     7.1    5.5   2.6   437   59.8   60.5
135     7.1    5.4   2.6   437   59.7   60.7
136     7.9    5.4   2.6   438   59.8   61.1
137     7.9    5.3   2.6   438   59.8   61.1
138     8.9    5.5   2.6   439   59.8    61
139    10.4    5.2   2.7   437   59.8    61
140     7.7    5.8   2.7   438   59.9   60.8
141     7.3    5.3   2.6   439   59.9   61.3
142       8    5.7   2.7   439   59.8   61.2
143     9.1    6.1   2.7   437   59.7   61.3
144     7.7    5.3   2.7   436   59.8   61.1
145     7.6      6   2.7   435   59.7   61.1
146    11.3    6.8   2.8   437   59.7   61.3
147     8.1    5.8   2.7   438   59.7   61.4
148     8.6    6.2   2.8   439   59.7   61.8
149     8.6      6   2.8   440   59.7   61.6
150   10.8   6.6   2.9   438   59.7   61.5
151   10.3   6.4   2.9   438   59.7   61.3
152    14    5.8     3   440   59.8   61.5
153   11.5   6.1   2.9   438   59.7   61.8
154   10.7   6.2   2.9   437   59.6   62.1
155   20.9   7.3   3.1   438   59.7    62
156   10.4   6.3     3   436   59.6   62.4
157   46.8   9.7   3.2   441   59.6   62.5
158    8.9   6.2   2.9   439   59.6   62.7
159    8.8   5.9   3.1   437   59.6   62.5
160    10      7   3.1   438   59.7    62
161   11.4   7.1   3.3   435   59.8   62.1
162    8.6   6.5   3.2   438   59.8    62
163    9.2   6.6   3.3   438   59.8   62.1
164   10.4   6.5   3.3   437   59.7   62.5
165   11.3   7.4   3.4   441   59.7   62.3
166   10.1   7.1   3.3   439   59.7   62.7
167   10.8   7.7   3.5   438   59.8   62.5
168    11    7.8   3.4   441   59.8   63.1
169   11.7   7.5   3.3   441   59.7   63.3
170    10    6.4   3.2   438   59.7   63.2
171   11.1   6.9   3.3   438   59.7   63.4
172   11.7   7.3   3.2   440   59.7   63.3
173   11.7   7.1   3.2   441   59.7   63.3
174   10.6   6.7   3.2   438   59.7   63.4
175   10.4   7.1   3.1   440   59.7   63.2
176   12.5     7   3.1   439   59.8   63.4
177   12.1   6.8   3.2   439   59.9   62.9
178   11.4   7.1   3.2   439   59.9    63
179   11.4   6.9   3.1   439   59.8   63.1
180   11.7   7.3   3.1   438   59.8   63.4
181    11    6.7   3.2   440   59.8    63
182   12.9     7     3   440   59.8   63.4
183   11.2   6.8     3   440   59.8   63.2
184   11.1   6.6   3.1   440   59.9   62.8
185   10.9   6.5     3   438   59.9    63
186   10.7   6.9   2.9   437   59.8   63.2
187   10.7   6.8   2.9   439   59.8   63.1
188   15.8   6.7     3   436   59.9   63.2
189   11.9   7.4   2.9   438   59.8   63.1
190   10.5   6.5     3   434   59.8   62.9
191   11.6   6.4   2.9   438   59.8   63.1
192   11.8   6.9   2.9   437   59.8    63
193   11.7   7.7     3   438   59.8   62.8
194   10.9   7.1     3   438   59.8   62.8
195    12    7.5     3   436   59.8   63.1
196    10    6.2   2.9   437   59.8   62.8
197    9.5   6.1   2.9   440   59.8   63.2
198   11.9   7.4   3.2   436   59.8   62.9
199   13.2     7   3.1   436   59.7   62.8
200   12.7   7.4   3.1   436   59.8   62.9
201   11.8   6.7   2.9   437   59.8   62.6
202    9.8   6.6     3   439   59.8   62.9
203   10.7   6.3   3.1   437   59.8   62.9
204    9.8     7     3   441   59.7   63.4
205   10.4   6.3     3   439   59.7   63.2
206   12.2   7.6   2.9   438   59.8   63.2
207   13.4   6.4   3.1   439   59.7   63.4
208   11.7   7.1     3   437   59.7   63.2
209   13.1   6.6   2.9   437   59.7   63.2
210   11.7   6.5   2.8   437   59.7   62.9
211    10      6   2.8   435   59.8   62.9
212   10.6   6.6   2.9   437   59.7   63.1
213   11.8   6.6   2.9   439   59.8   62.8
214   11.9   6.8   2.9   434   59.8   63.1
215      9   5.9   2.9   438   59.8   62.7
216   11.2   6.1   2.9   436   59.8   62.8
217   10.5   6.1     3   438   59.8   62.9
218    9.4   6.2   2.9   437   59.8   62.9
219   10.5   6.6   2.9   440   59.8   62.8
220   10.3   6.6   2.9   438   59.8   62.7
221   10.7   7.2     3   435   59.7   62.8
222   10.3     6   2.9   438   59.8   62.6
223   10.6   6.5   2.8   436   59.8   62.7
224    9.9   6.6   2.9   437   59.8   62.9
225   10.5   6.6   2.9   438   59.8   62.9
226   10.1   6.5   2.8   440   59.7    63
227   10.1   6.3   2.9   437   59.7   63.1
228   10.4     6   2.9   438   59.8   62.8
229    9.6   5.9   2.8   438   59.8   62.8
230    9.9   6.4   2.9   438   59.8   62.7
231   10.6   6.3   2.8   438   59.8   62.7
232   11.4   6.9     3   438   59.9   62.6
233   11.7   6.7   2.9   440   59.9   62.5
234    9.6   6.3   2.9   439   59.9   62.8
235    9.7   6.3     3   438   59.9   62.6
236   10.2   6.2   2.9   435   59.8   62.6
237   11.1   6.7   2.9   437   59.9   62.5
238    8.1   5.6     3   435   59.9   62.4
239    8.7   6.3     3   439   59.8   62.5
240   10.3     7   2.9   438   59.8   62.4
241    10      6   2.8   436   59.8   62.1
242    9.6     6   2.9   437   59.8    62
243    9.6   5.7   2.8   438   59.8   62.1
244    9.6   6.3   2.9   436   59.7   62.2
245    9.2   5.7   2.8   437   59.7   62.2
246   10.1   5.2   2.7   437   59.8   62.3
247    9.2   5.9   2.9   435   59.7   62.3
248    9.3   6.4   2.9   436   59.6   62.3
249      9   5.9   2.8   436   59.6   62.1
250    8.8   6.3   2.9   435   59.7    62
251    9.8   6.1   2.8   435   59.6   62.1
252    9.9   6.5   2.8   436   59.6    62
253   10.2   6.4   2.8   434   59.7   62.1
254   11.9     7   2.9   437   59.7   61.8
255    11    6.4   2.7   434   59.7   61.9
256   10.6   6.4   2.8   434   59.8   61.8
257    8.8   5.7   2.7   433   59.8   61.9
258   10.7   6.1   2.8   434   59.8   61.8
259    9.2     6   2.7   436   59.8   61.7
260    8.5     6   2.8   435   59.8   61.7
261    8.7   5.5   2.7   434   59.8   61.8
262   10.4   6.3   2.7   434   59.8   61.8
263    9.7   6.2   2.8   435   59.8   61.8
264   10.6   5.9   2.7   434   59.7   61.6
265    9.1   5.5   2.7   435   59.7   61.8
266   10.9   5.8   2.7   437   59.7   61.8
267   10.3   6.1   2.8   435   59.8   61.8
268    9.7     6   2.6   436   59.7   61.8
269    8.6   5.7   2.7   435   59.7   61.8
270    9.5   5.8   2.7   437   59.8   61.8
271   10.1   5.9   2.8   434   59.9   61.5
272   10.6   6.3   2.7   435   59.8   61.6
273    8.7   5.8   2.7   437   59.8   61.9
274    9.7   5.6   2.7   435   59.9   61.8
275   10.4   6.1   2.8   438   59.8   61.9
276    9.1   5.7   2.7   439   59.9   61.8
277    8.8   5.2   2.8   438   59.9   61.9
278    8.4   5.8   2.7   437    60    61.9
279    7.6   5.4   2.6   438   59.9   61.9
280    9.5   6.1   2.7   439   59.9   61.8
281   10.1   6.2   2.6   435   59.9   61.7
282    9.5   5.3   2.7   435   59.9   61.9
283    9.5   6.6   2.6   438   59.9   61.7
284   10.5   5.6   2.7   436   59.9   61.7
285   12.1   6.3   2.7   437    60    61.5
286   11.2   6.8   2.8   439   59.9   61.9
287    17    5.9   2.7   438   59.8   61.9
288   13.2   6.4   2.7   436   59.9   61.8
289     17     5.6   2.7   437   59.9   61.9
290    21.1    5.3   2.7   438   59.9   62.1
291    35.7    11    3.2   437   59.9   62.1
292     13     5.3   2.7   440   59.9    62
293     17       7   2.8   438   59.9    62
294    24.4   10.6   3.2   438    60    61.9
295    10.1    6.4   2.9   438   59.9   61.9
296    19.5    6.5   2.9   440   59.9   62.2
297    15.8    6.8   2.9   440   59.9   62.1
298    15.8    6.1   2.9   441    60    62.1
299    33.2    6.7     3   439    60    62.1
300    16.9    6.8     3   440    60     62
301    21.7    7.5   3.1   438   59.9   62.2
302     33     7.1     3   437   59.9   62.1
303    15.8    7.3   3.1   439   59.9   62.2
304    18.9    7.7   3.2   436    60    62.2
305    39.4    9.3   3.2   440    60    62.2
306     16     6.5   3.1   440   59.9   62.2
307    13.9    7.7   3.1   437   59.9   62.3
308    11.5    6.7     3   439   59.9   62.3
309     8.5    6.5   3.1   440   59.9   62.4
310    10.3    6.8   3.2   439   59.9   62.5
311     9.3    6.3     3   440   59.9   62.5
312    10.2    5.9   2.9   439   59.9   62.4
313     8.8    6.4     3   440   59.8   62.5
314     8.3    6.4     3   437   59.8   62.5
315     8.8    5.9   2.9   440   59.8   62.4
316     8.8    5.7     3   439   59.8   62.4
317    11.3    8.8   3.2   440   59.8   62.7
318       8      6   2.9   439   59.8   62.6
319    10.7    6.3   3.1   439   59.8   62.8
320    10.7    7.1     3   439   59.8   62.9
321     9.4    6.6     3   440   59.8   62.6
322    19.7   11.3   3.5   440   59.9   62.6
323    13.4    8.2   3.1   438   60.1   62.5
324    10.1    6.8     3   438   59.9    63
325    10.2    6.3     3   438    60    62.9
326    11.3    6.5   3.1   439   59.9    63
327     9.3    6.6   3.1   439   59.8    63
328    10.1    6.5   3.1   436   59.7   63.2
329     9.3    6.7   3.1   438   59.7   63.5
330    11.6    6.1     3   437   59.7   63.5
331     9.2    6.2     3   438   59.6   63.6
332    10.3    6.1     3   438   59.7   63.6
333     9.4    6.8     3   440   59.6    64
334     9.6    7.3   3.2   439   59.7    64
335    10.8    6.6   3.1   439   59.6    64
336    11.5    6.8   3.1   438   59.6    64
337       9    6.7   3.1   439   59.7   63.9
338    11.6      7   3.1   439   59.7   63.9
339    10.3    6.5   3.2   440   59.7   63.8
340    11.9    6.5   3.1   438   59.6    64
341    10.6    6.9     3   439   59.7   64.1
342    11.2    6.6   3.1   438   59.7   64.3
343     11     6.8   3.2   439   59.6   64.4
344    10.3      7   3.2   437   59.6   64.4
345     8.6    6.4     3   439   59.7   64.4
346     8.3    6.4   3.2   438   59.7   64.5
347     9.4    6.4   3.2   440   59.6   64.6
348     8.9    5.6   3.1   436   59.8   64.6
349    39.5    8.9   3.4   438   60.1   64.3
350    68.3   18.7   3.8   429   61.7   67.7
351    15.2    7.6   3.2   423   61.8    65
352    13.6      8   3.2   435   61.4   63.5
353    85.3    38    8.2   438   61.5   63.7
354   126.3   37.3   7.5   433   62.8   65.3
355    40.3   17.4   4.8   429   62.3   62.7
356    18.2    9.8   3.5   432   61.8   62.1
357    13.9    8.4   3.3   429   61.5   62.2
358    29.5   15.5    5.8   432   61.6    63
359    170    73.8   13.7   440    63    64.8
360    69.5   32.6    8.6   433    63    62.7

361    16.1    7.5    3.2   435   62.2   61.8
362    11.3    6.7    3.1   436   61.9   61.6
363    10.6    7.2    3.2   431   61.5   61.7
364    15.6    8.4    3.5   430   61.3   62.1
365    17.7    9.7    3.8   435    61    62.6
366    25.4   12.5    4.9   435   60.5   63.2
367     77    40.9   12.3   438    61    63.5
368    45.1   24.5    8.1   441   61.3   63.8
369    62.1   36.9   12.1   440   62.2   64.5
370    61.5   28.8    9.2   434   63.2   64.4
371     29    17.6    6.1   432   62.3   62.3
372    13.7    8.6    3.5   434   61.8   62.2
373    12.1    7.7    3.6   429   61.5   62.5
374    30.9   13.5    4.9   435   61.7    63
375    32.5   21.1    7.6   438   61.3   63.9
376    87.8   38.1    11    443   62.8   65.6
377    32.2   22.3    6.2   434   62.3   63.4
378    21.6   14.6    4.3   435   61.8   63.2
379     9.8    6.9    3.5   425   61.3   63.4
380     8.7    7.2    3.4   429   61.2   63.7
381    66.2    33    11.9   442   61.9   65.7
382    20.6   11.5    4.8   436   62.5   65.3
383    16.6   10.5    4.6   435   61.8   63.9
384    13.1    7.5    3.8   435   61.5   63.9
385     9.7    6.2    3.4   435   61.3    64
386    73.8   34.6    14    441   61.8   65.7
387     20    11.9    5.3   440   62.5   66.1
388    14.2   10.6    4.7   435    62    63.8
389    10.9    7.4    3.8   433   61.4   63.9
390     9.6    7.1    3.5   433   61.3    64
391    13.1    9.3    4.5   434   61.3   64.2
392    55.8   31.1    13    447   62.4    67
393    40.2   14.2    6.6   438   62.9   65.2
394   129.2   23.9    6.7   436   62.5   63.6
395   122.4   32.8    7.8   441   62.3   63.7
396    21.8    7.3    3.6   440   61.6   63.4
397    16.5    9.5    4.4   439   61.6   63.3
398     23    13.9    6.1   437   61.5   63.3
399    41.9   24.3    9.5   448   61.8   63.9
400     42    24.1   10.4   455   62.2   64.8
401     69    44.2    18    453   63.2    66
402    48.2   21.4    8.8   442   63.9   63.9
403    69.8   41.3    15    441   63.9   63.3
404    22.4   14.3    6.3   449   63.7   63.2
405    30.9   19.3    7.7   443    63    61.5
406    65.3   44.4   18.6   437   62.5    63
407    88.1   50.1   19.3   468    64    67.4
408     57    38.1   15.1   449   63.2   62.9
409   148.1   76.9   27.5   467   63.6   65.5
410    92.6   38.5    15    461   63.7   64.3
411    37.1   20.7    8.8   453   63.3   63.2
412    60.5   39.6   16.4   446   63.1   62.8
413   166.4   64.6   25.2   471   64.1    67
414    68.5   32.9   12.7   455   64.1   64.4
415    56.6    28    10.7   450    64    63.3
416    29.4   19.9    8.2   448   63.2   61.6
417    65.3   41.9   17.5   436   62.8    62
418    94.5   55.2   22.6   469   63.6   67.4
419    43.2   31.3   13.8   454   63.2   63.9
420    24.3   13.9    6.1   445   62.4   63.1
421    27.3   17.9    8.2   437   62.4   62.7
422    66.8   46.9   21.8   457   63.1   65.9
423    38.8   23.9   11.1   462   63.6   66.3
424    25.8   17.4    7.8   446   62.6    63
425    14.9    9.9    4.8   434   62.4   62.8
426    35.5   19.2    7.7   434   62.1   63.3
427    30.7   20.2    8.2   446    62    64.1
428    81.6   49.7   21.1   465    63    66.5
429   133.8   71.4   25.6   463   64.2   65.8
430    93.1    44    16.8   466   64.3   66.1

431    37.5   26.8   11.3   448   63.5   62.2
432   106.3   62.1   25.7   449   63.1   62.6
433   101.9   66.6   29.2   479   63.9    68
434    72.9   43.3   18.9   473   64.1   66.1
435    24.2    9.5      5   448   63.7    63
436    20.4   13.3    6.4   436   62.9   61.9
437    89.1   58.6   26.7   449   62.9   65.2
438    37.6   25.2   11.3   481   63.6   67.5
439    27.7   19.5    9.2   454    63    63.7
440    85.9   60.4   27.8   456   62.7   65.2
441    74.6   41.6   17.9   486   63.8   68.7
442    84.2   46.1   19.1   457   63.6   64.8
443    21.6   12.9    5.8   458   63.4   63.9
444   108.1   50.4   16.8   450   62.8    63
445    64.1   37.1   15.9   445   62.3    64
446   144.8   89.3   38.7   482   63.4   68.6
447    69.4   34.8   14.4   475   63.9   66.6
448   104.4   61.4   26.4   467    64    65.7
449    64.6   39.7   17.3   464    64    64.9
450   177.2   99.1   39.5   474    64    65.5
451    67.8   41.6   18.1   484   64.2   65.6
452    96.6   55.4   23.2   492   64.5   66.7
453    51.5   32.8   14.5   460   63.7   62.2
454   130.4   77.2   33.1   484   64.1   66.3
455    35.8   23.7    11    477   63.7   64.4
456    67.5   48.6   21.6   458   63.1   63.2
457    77.3   44.6    20    497   63.9   68.1
458   108.4   87.8    11    460   63.3   63.9
459     58    39.5   19.2   450   62.8    63
460    65.2    44    20.6   494   63.9   67.9
461     54    27.5   13.4   468   63.4   64.3
462    19.6   13.1    5.9   452   62.6   63.4
463    22.6   16.5    7.2   446   62.4   63.3
464    63.1   47.6   22.5   466   62.9    65
465    85.4   53.1   24.1   498   64.1   68.3
466    21.6   14.4    6.5   474   64.5   65.2
467     44    28.2   12.5   446   63.4   61.9
468    82.2   51.2   22.8   477   63.8    65
469    32.5   22.7   11.5   460   63.2    63
470     92    69.3   34.8   460    63    64.9
471    76.1   49.8   23.3   511   64.2   69.7
472     45    30.5   14.3   464   63.6   63.8
473    87.5   64.2   30.2   465   63.2   64.4
474   109.4   69.3   31.8   520   64.8   69.9
475    51.1   34.7   15.6   478   64.5   64.8
476    99.2   67.5   30.2   482   64.1   64.4
477    35.1   20.6    9.3   496   64.4   66.1
478   101.5   61.8   27.1   460   63.9   63.4
479    25.5   17.5    8.4   468   63.9   64.2
480    45.8   32.5   15.1   453    63    62.9
481   126.2   85.5   40.9   477   63.4   67.2
482    93.4   55.8   25.3   517   64.2   69.2
483    126    70.1   27.3   472   64.2    66
484    23.1   16.4    7.5   460   63.5   63.5
485    18.4    9.9    4.8   437   62.6   62.5
486    41.1   30.1   15.8   435   62.5   63.3
487    87.1   56.4   27.1   488   63.8   69.2
488     42    30.8   14.4   476    64    66.1
489    32.7   23.2   10.8   458   63.1   63.9
490    93.7   63.5   32.2   479   63.6   67.4
491    59.8   37.7   16.5   488   64.3   67.6
492    45.5   30.5   13.6   461   63.4   64.1
493   109.6   74.7    37    481   63.8   67.6
494    75.2   45.7   19.9   515    65    69.6
495   109.8    65    27.6   467   64.5   65.4
496    38.6    27    12.5   469   64.1   64.4
497    27.1   18.8    8.1   453   63.2   63.3
498    56.9    33    16.5   438   62.8   63.6
499   120.3    80    35.9   493   63.7    69
500     61    40.5   19.3   488   63.8   67.8
501   112.7   73.5   34.3   478   63.8   66.5
502    26.5   18.1    8.1   469   63.1   65.2
503    24.9   17.8    8.2   446   62.7    64
504    44.3   28.4    15    436   62.2   64.6
505    106    72.8   34.7   506   63.6   70.8
506    108    68.1   29.3   482   63.9   67.6
507    56.4   34.3   14.8   488   64.2    68
508    31.8   22.8    10    453   63.5   64.3
509    99.8   69.9   32.8   458   63.1   64.7
510    147    97.7   46.7   513   64.2   70.5
511   144.6   89.9   38.2   503   64.6    69
512    43.8   28.6   13.4   487   64.7   67.5
513   129.9   84.5   38.6   471   64.3   65.1
514    29.8   21.1    9.8   491   64.5   66.8
515   103.6   66.2   29.7   458    64    64.3
516    40.2   26.6   11.9   480    64    66.6
517   236.5   94.3   40.9   480   64.1   67.3
518   175.3   79.2   34.6   472    64    65.9
519    47.7    25    10.4   481   64.1   67.1
520    86.8   47.4   22.6   459   63.2   63.8
521   128.8   76.7    35    492    64    68.7
522    39.1   25.3   12.1   468   63.7   66.1
523    60.7   41.5   19.4   452   63.1   64.3
524   113.2   66.2   30.3   488   63.8   69.3
525   141.1   85.2    36    483    64    68.5
526    33.1   23.1   10.7   477    64    66.8
527   107.4    75    36.8   464   63.5    65
528    49.8   31.3   14.5   497   64.1   70.3
529     38    28.1   13.4   457   63.5   64.8
530     61    45.3   22.6   460   63.2   65.3
531    65.3   42.3   18.9   501   64.6   71.6
532     29    20.2    9.1   458   63.7   65.6
533    60.4   41.7   19.8   452   63.2   64.1
534   100.3   68.9    32    485    64    69.7
535    81.1   53.6   25.6   477    64    67.6
536    51.7   36.6   17.6   483   64.2    68
537    41.4   30.6   15.9   455   63.4   64.2
538   111.4   69.9   32.7   479   63.6   67.5
539    76.2   50.8   23.2   478   63.7   67.6
540     59    38.2   17.3   487    64    68.4
541    71.4   53.9   24.1   458   63.3   64.8
542    77.5   48.4   23.6   489   63.7   68.7
543    31.7   21.4    11    458   63.2   65.1
544    44.7   32.6   16.6   444   62.4   64.2
545    67.8   47.4   24.2   492   63.6   71.4
546    24.8   14.9      7   460   62.9   66.5
547    14.5    9.4    4.2   434   62.2   64.1
548    13.3    8.2    3.4   426    62    64.3
549    16.9   11.1    5.3   434   61.6   64.9
550    31.6   22.9   10.6   442   61.3   65.9
551    65.3   49.2   25.6   473   62.2   69.1
552     33    23.4   10.9   486   63.4    72
553    54.4   36.8    16    442    63    66.4
554    28.5   19.3    8.6   454   62.8   66.3
555    37.2   24.7   11.8   460    63    66.6
556    74.2   57.3   21.4   451   62.7   65.7
557   130.3   75.5   35.4   482   63.1   70.4
558    28.3   21.6   10.1   462   62.8   67.8
559    19.7   14.8    6.4   452   62.4   66.3
560    30.7   22.6   11.5   441   61.9   65.6
561    80.3    58    29.6   484   63.4   71.9
562    23.5   17.1      8   475   63.9   70.3
563    23.7   17.7      8   447    63     65
564    73.5   57.3   28.9   448   62.8   65.9
565    50.3   33.3   15.8   491    64    71.8
566    90.6    65.2   29.6   458   63.5   66.9
567    51.6    32.9   16.2   481   63.7   68.4
568   152.2    64.3   26.1   473   63.7   67.9
569    49.2    28.3   13.7   463   63.3   66.8
570    97.6    71.1   34.5   458    63    67.1
571    97.6     60    27.5   504   64.7   73.2
572    49.5    32.4   14.4   457   64.4   67.1
573    41.9    26.4   11.7   455   64.1   65.7
574    34.7    26.5   12.5   446   63.5   64.4
575    29.9    21.1    9.9   453   63.2   65.7
576    29.9    21.1    9.7   446    63    65.6
577    33.4    25.5   13.3   454   63.1   66.1
578    67.4    47.3    24    491   64.2   70.6
579    85.4    54.9   25.6   486   64.7   69.8
580    29.1    21.4   10.3   455   64.1   65.8
581    40.4    29.8   13.2   450   63.5   65.1
582    80.8     51     25    472   63.9   68.4
583    27.9    17.9    8.4   464   63.6   67.2
584    67.6    43.5   20.5   465   63.6   67.9
585    181    109.6   42.7   467   63.6   67.4
586    45.6    27.4    9.5   472   63.8   68.1
587    34.3    24.1   10.7   448   62.9   65.8
588     37     21.3   10.2   437   62.5   65.8
589    97.1    65.9   31.5   466   63.4   70.5
590    89.9    61.5   27.9   485   64.5   72.3
591    96.8    72.2   34.5   457   64.2   67.5
592    80.8    58.7   29.5   486   64.9   70.5
593   105.1     63     27    496   65.7   70.7
594    41.9    30.3   13.7   458   64.8   64.9
595    66.2    50.5   23.1   446   63.8    64
596   102.5    72.8   36.5   489   64.9   71.6
597   100.6    63.8   28.4   475   64.9   68.2
598    65.3     47    21.4   477   64.9   68.6
599   129.2     78    34.1   472   64.8   67.3
600    39.7    28.7   12.6   471   64.4   66.4
601    52.5    32.1   13.6   459   63.8   65.3
602     33     24.7   10.5   445   62.9    65
603   106.2    80.5   39.4   462   63.7   69.2
604    92.4    70.2    33    496   64.6   72.1
605    32.7    21.5    9.7   468   64.7   68.6
606    53.4    42.6   22.3   449   63.6   65.2
607    84.3    59.4   28.9   487   64.7   72.6
608     29     20.3    9.3   456   64.1   66.9
609    84.5    60.6   28.5   453   63.7   66.2
610   112.9    71.9   33.5   485   64.9   72.5
611    45.3    33.6   16.2   467   64.6   68.5
612   122.9    81.4   38.6   473    65    69.8
613    27.5    20.3    8.8   463   64.8   67.2
614   119.5    81.1   37.1   460   64.5   65.7
615    28.3    18.7    8.2   476   64.7   68.3
616    45.9    31.8   14.1   449   63.8   64.2
617    110     77.9    37    466   64.2   69.2
618    28.1     20     8.3   467   64.2   68.6
619    32.9    25.1   11.1   450   63.5   65.2
620    106     81.3    39    460   63.7   69.3
621    88.5    64.6   30.6   489    65    73.5
622    70.4    55.8   28.6   455   64.3   66.8
623    53.6    39.1   18.9   490   65.1   71.7
624    26.8    21.5    9.6   456   64.2   65.7
625    50.2    36.3   17.7   450   63.5   64.8
626   123.8    80.1   38.5   477   64.3   71.4
627    62.3     46    21.4   475   64.5   69.9
628     62     42.7   19.5   471   64.7   69.8
629    32.3    22.9   10.3   447   63.8   64.5
630    73.7    51.5   23.8   451   63.6   66.1
631    97.9    70.4   34.7   488   64.7    73
632    43.8    33.3    15    469   64.5   68.7
633     28     19.3    8.5   451    64    65.9
634    80.9    60.3    32    471   64.6    70
635    40.4     29    13.5   476   65.1    70
636    37.3   28.9   13.4   457   64.2   64.9
637   109.9   63.4   34.2   481   64.6   69.3
638    25.9   17.5    8.8   479    65    69.5
639    35.5   23.8   11.4   449    64    64.5
640   101.2    69    32.1   464   64.4   68.6
641    39.8   28.5   13.2   460   64.2   67.4
642    79.5   57.8   27.7   476   64.3   69.8
643    48.9   34.4   16.4   471   64.4   69.5
644    15.5   10.6    5.3   463   64.4   67.8
645    45.1   33.2   13.4   454   63.6   65.7
646    21.8   15.3    6.8   444   62.8   65.8
647    57.5   44.5   23.2   444   62.9   66.7
648     68    48.8   24.5   484   64.3   73.8
649    56.6   39.7    18    467    64    68.9
650    21.5   14.6    6.1   461   63.7   67.4
651     94    67.8   34.5   463   63.6   68.6
652    55.4   38.5   18.5   493   64.7   72.9
653    78.3   52.6   24.3   463   64.5   69.6
654     38    26.7   12.9   471   64.6   68.5
655   115.7   80.4   37.1   472   64.6   68.4
656    47.6   30.2   14.2   482    65    70.2
657    30.4   21.3    9.8   457   64.1   65.4
658     9.2    6.3    2.7   435   63.2   64.9
659    42.1    34    18.4   444   63.4   66.4
660     62    39.4   17.8   474   65.1   71.3
661    44.5   33.3   16.1   458   64.6   67.1
662    85.5   62.7   30.6   480   65.1   70.1
663    25.3   18.3    8.6   471   65.3    69
664    28.6   22.5   11.1   458   64.4   64.8
665    58.3   48.4   25.5   452   63.9   66.7
666    91.6   65.6   32.2   482   65.3   72.5
667   153.7    89    37.8   484   65.9   71.9
668    47.5   33.1   14.9   464   65.3   66.9
669    137    65.4   24.6   468   65.3   67.2
670    89.4   58.9    27    463   64.6   65.3
671    58.4   39.5   18.5   480    65    69.8
672    35.5   25.7   11.9   455   64.1   65.9
673     21    14.2    6.6   446   63.3    66
674    57.6   44.9   24.1   448   63.3   66.9
675    94.5    64    31.5   487   64.7   73.7
676    44.2   33.1   16.5   474   64.7   69.6
677    20.1   14.4    6.9   457   63.8   66.6
678     9.8    7.4    3.2   444   62.8   65.9
679    10.6    8.4    4.1   441    63    66.2
680    24.7   16.3    7.4   448   62.6    67
681    33.5   23.6   10.3   444   62.3   67.3
682    55.8   35.9   16.5   461   62.6   67.8
683    32.9   24.8    14    464   62.4   68.4
684    79.7   57.8   28.9   489    64    73.6
685     29    20.3    9.7   465   63.8   69.6
686    75.5   56.5   30.2   467   63.7   69.2
687    61.6   42.5   20.4   496   64.9   73.6
688    97.9   69.5   33.6   482   65.3   72.3
689    41.1   27.8   14.2   466    65    67.6
690     24    15.7    7.6   462   64.3   66.7
691    18.7   12.7      6   453   63.9   66.3
692    12.8    8.2    4.2   450    63    66.1
693    39.8   29.5   14.3   451   63.2   66.6
694    58.3   43.1   21.8   478   64.3   71.3
695    24.2   17.2    8.5   468   64.3    69
696     23    15.7    7.2   455   63.6   66.9
697    12.2    8.5    4.4   450   62.9   66.9
698    46.6   36.8   20.3   454   63.1   67.9
699    76.8    56    27.6   489   64.4   73.2
700     72    44.9   21.3   486    65    72.9
701     84    56.2   27.3   456   64.3   67.1
702    67.3   43.4    21    486   64.9   72.2
703   101.2   67.7   30.9   468   64.6   68.5
704    58.1   42.2   21.2   478   64.5   69.5
705     75    43.9   20.2   478   64.7   70.1
706    21.4   14.5    7.4   466   64.3   67.5
707    22.6   15.5      8   450   63.8   66.1
708    25.7   18.8      9   454   63.3   67.7
709    87.2   58.2   29.9   461   63.7   70.7
710     67     42     20    485   64.8   73.5
711    52.5   41.2   20.8   461   64.1   68.1
712     72    46.9   20.8   492   65.1   73.1
713    34.8   24.6   12.8   465   64.7   68.6
714    30.5   22.4   10.8   459   63.8   66.9
715     85    58.6   28.7   475   64.2   70.1
716    28.1   20.7    10    477   64.8   71.1
717    24.5    18     8.9   461   64.2   67.2
718     25     19     9.9   452   63.7   66.6
719     81    57.4   29.8   478   64.4   71.4
720    40.8   30.8   14.9   478   64.5   70.1
721     88    60.6   29.4   477   64.4   69.8
722    58.9   42.2   21.1   494   65.1   71.8
723    88.1   59.2   27.7   473   64.9    69
724    33.5   22.6   10.7   486   65.3   70.2
725    74.7    56    29.1   468   64.7    67
726     59    41.3    20    496   65.8   71.9
727    32.4   24.7   13.1   463   64.9   65.7
728    12.1    8.6    4.4   452    64    65.5
729    18.6   13.3    6.9   445   63.7   65.6
730    22.6   15.7    9.6   450    63    66.1
731     71    49.2   25.9   481   64.6   71.6
732    35.9   27.8   14.6   471   64.7   68.6
733    23.1   16.8    8.7   464   64.1   66.9
734    64.6   45.4   24.1   460    64    66.8
735    61.1   45.1   23.8   493   65.1   71.7
736    69.8   55.1    29    486   65.7   71.6
737    42.6   31.3   15.3   476   65.9   68.7
738    61.1   43.1   20.9   470   65.5   66.7
739    82.5   60.5   31.1   483   65.5   68.2
740    32.3    23    11.4   486   65.7   68.2
741    39.5   26.4   14.3   469   64.9    65
742    83.3   62.5   31.7   478   65.1   68.4
743    38.6   28.8   13.8   477   65.2   67.8
744    90.4   53.8   25.6   480   65.3   68.2
745    31.9    25    12.8   472   64.8   66.2
746    41.4   31.4   16.1   466   64.2    66
747    94.2   65.8   32.9   479   65.1   70.4
748   130.2    78    36.8   494   66.3   70.7
749     34    21.5   11.3   477   65.9   67.8
750    32.5   21.4   10.9   465   64.8   64.4
751    91.8   68.5   37.1   481   65.3   68.3
752    30.2   20.7   11.1   482   65.2   67.4
753    36.8   28.3   14.6   463   64.4    65
754    34.8   24.6   12.6   458   63.9   66.2
755    21.2   13.9    7.3   461   63.8   66.5
756     27    18.3    9.1   458   63.7   66.2
757    55.3   44.2   24.2   488   64.4   68.8
758    26.9   18.5   10.3   480   64.9   69.9
759    76.1   46.7    22    473   64.8   67.7
760    22.4   13.4    7.4   465   64.2   66.2
761     94    69.9   35.5   463    64    67.2
762    62.7   42.6   20.5   491   64.7   70.8
763    44.8   30.9   15.2   481   64.8   68.7
764    24.8   18.3    10    464   64.1    66
765    81.7   58.5   29.8   473   64.3   68.5
766    32.3   23.1   11.4   483   64.5   68.7
767    93.2    62    29.9   480   64.5   69.1
768    22.1   16.9    8.6   477   64.3   68.3
769    20.9   14.9    7.9   455   63.8   65.9
770    45.8   34.6    19    450   63.3   66.6
771    76.1   49.9    25    487   64.5   71.7
772    86.8   53.7   23.7   479   64.8   70.4
773    35.1   24.9   13.3   469   64.5   67.9
774    41.2   29.9   15.3   469    64    67.3
775    27.9   19.3    9.8   454   63.3   66.9
776    30.4   20.3   10.2   459   63.5   67.3
777    38.9   32.1   18.9   467   63.5   67.9
778    51.2   34.7   17.2   490   64.9    72
779    35.6   27.8   14.5   465   64.4   67.9
780     42    29.2    15    473   64.2   67.7
781    50.4   34.3   17.2   474   64.2   67.7

782    39.4    30    16.5   472   64.1   67.5
783    71.4   54.1   28.1   501   65.2   70.7
784    32.5   23.8    12    478   65.2   68.6
785    82.8   60.6   30.9   480    65    68.3
786    36.1   23.2   12.7   485   65.2   68.5
787    81.5    53    25.2   481   65.2   68.2
788   107.9   55.2   25.4   474   64.8   66.5
789    44.6   28.2   14.5   486   65.2   68.2
790    58.3    44    22.2   475   64.5   66.3
791    64.8   47.4   25.2   495   65.2   70.6
792    19.3   14.6    8.7   472   64.8   66.5
793    14.2    11     6.9   447   63.7   65.3
794    18.3   10.5    6.4   440   63.4   65.7
795    25.1   15.9    8.4   456   63.4   66.4
796     27    18.1   10.2   467   63.3   67.2
797    64.6   44.1   24.3   487   64.1   69.9
798    52.7   36.3   18.6   498   65.3   69.8
799     66    48.9   26.3   473   64.5   67.1
800    46.5    33    17.5   502   65.4    70
801    46.4    33    16.5   472   64.7   66.1
802    138    83.9    35    481   64.6   67.3
803    37.2   26.7   13.7   486   64.9   68.4
804    33.4   23.4   12.6   467    64    66.3
805    19.1   12.1    7.1   449   63.3   66.2
806    26.3   18.2    10    454   63.4   66.5
807    40.6    31    17.1   479   63.5   67.6
808    65.8   49.3   24.7   500   64.6   70.9
809    31.7   23.4   12.7   476   64.6   68.1
810    67.4   52.3   29.2   476   64.5   67.9
811    72.2   49.7   24.9   505   65.8   70.2
812    93.8   60.6   27.9   486    66    68.7
813     52    35.2   16.7   465   65.1   64.9
814    54.2   32.9   15.2   470   65.3   66.3
815    15.9   13.2    8.1   458   64.5   64.7
816    78.4    59    30.6   466   64.5   67.2
817    52.9   38.4   19.5   492   64.9   68.6
818    80.9   49.7   22.9   482   65.1   68.4
819    39.4   27.7   15.1   474   64.6   66.2
820    41.8   28.6    15    468   63.8    67
821    64.2   40.6   20.1   465   63.8   67.6
822    49.7   37.4   21.8   481    64    68.4
823   101.3   68.1   33.3   499   65.5   70.4
824   113.5   74.9   34.5   503   66.3   69.4
825    45.8    34    18.3   479    66    66.4
826    22.9   16.4    9.6   473   65.2    65
827    65.9   53.2   29.1   470   64.9    66
828    75.1   53.3   27.1   501   66.5   68.8
829    54.3   42.2   21.7   478   65.9   65.5
830     95    73.5   38.2   500   66.3   67.6
831    46.7   29.7   15.9   497   66.2   66.9
832    67.3   44.1   21.4   484   66.1   66.1
833    28.2   21.6    13    473   65.7   65.2
834    86.1   63.6   33.7   481   65.6   66.5
835    79.7   54.7   27.7   506   66.5   68.4
836    43.2   32.8   17.6   481   65.9   65.6
837   107.4   76.1   37.9   494    66    67.8
838     28    20.5   11.5   494   66.1   67.1
839     32     24    13.9   466    65    64.7
840    23.9   17.2   10.2   458   64.2    66
841    52.6   41.8   23.9   471   64.5   67.5
842    50.5   36.1    19    504   65.7   70.2
843     35    26.8    15    482    65     67
844     73    56.2   29.5   478   64.6    67
845     90    60.9   30.9   526    66    71.2
846    49.5   36.3   20.4   485   65.6   67.4
847   113.7   80.1   40.5   501    66     69
848    77.6   53.7    26    514   66.9   69.6
849    50.4   37.5   19.5   472   65.6   64.4
850   101.1   70.9   36.2   497   66.1   68.4
851    71.7   49.7   25.4   505   66.9   69.3

852    85.2   64.4   31.3   488   66.6   66.9
853    28.1   18.6   11.1   484   66.1   65.8
854    21.6   15.5    8.8   464   65.2   63.9
855    21.9   15.4    9.1   450   64.7   64.5
856    54.9   43.7   24.5   465   64.6   66.7
857    63.3   45.6   23.9   500   65.5   70.3
858    31.8    22    12.8   489   65.5   68.7
859    34.7   26.6   14.6   474   64.7   66.5
860    32.4   25.8   13.3   468   64.2   67.2
861    14.4   12.2    7.8   454   63.5   67.1
862    32.3   27.2   17.5   461   63.4   67.8
863     49    31.5   16.9   502   65.1   72.5
864    35.6   27.9   15.9   476   64.4   68.4
865    45.6   34.3   20.1   470   63.9   68.3
866    69.4   48.2   25.7   511   65.3   73.2
867    25.5   20.1   11.5   481    65    69.1
868    33.2   25.7    14    472   64.2   67.6
869    63.2   47.7   27.6   493   64.6   70.5
870    49.7   35.9   18.8   509   65.7   72.1
871    40.9   31.2   16.7   481   65.1   68.2
872     79    59.9   31.2   486   64.8   68.6
873    83.1    57    27.5   512   66.2   71.8
874    36.9   28.1   15.1   477   65.8   67.4
875    67.2   47.5   24.7   494   65.9    69
876    27.2   21.4   12.3   475   65.2   66.5
877    36.2   27.8   15.5   474   64.8   66.8
878     22    16.8    9.6   459   64.1   66.6
879    35.7   27.7   15.9   473   64.4   67.2
880    63.8   49.8   26.3   509   65.4   71.2
881    32.3   24.4   13.7   492   65.3    69
882    27.8   21.6   12.8   479   64.8    67
883    24.1   18.4   10.4   466    64    67.1
884    25.4   17.7    11    458   63.9   67.3
885    75.3   51.7    28    500   64.6   70.2
886    77.8   58.3   29.1   520   65.7   72.2
887    69.5   49.1    24    516   65.9   71.2
888    48.7   37.9   19.2   478   65.3   66.8
889    71.3   50.9   25.3   501   65.5   69.5
890    23.4   17.2   10.1   475   64.9   66.7
891    20.6   15.3    9.4   458   64.3   66.3
892    75.8   55.3   30.8   474   64.7   69.4
893    78.1   52.2   26.4   508   65.9   71.5
894   141.6   79.8   38.6   499   65.8   69.2
895    72.1   52.1    26    504   66.2   69.8
896   118.7   80.6   40.2   492    66    68.4
897    63.6   46.1    23    509   66.4   69.3
898    58.8   46.5   25.5   483   65.5   66.1
899    86.4   61.7   33.9   518   66.3   70.3
900    82.8   57.2   29.6   513   66.7   69.8
901     33    25.1   13.3   488   66.5   66.7
902    23.3   17.1   10.2   466   65.3   64.7
903    95.2   68.4   35.2   478   65.4   68.2
904    55.4   41.2   21.6   508   65.8    70
905    32.8   24.7   13.7   487    65    67.5
906    93.1   70.4    38    490   65.2   69.7
907    43.1   30.2   15.7   496   66.1    70
908    34.6   25.6    14    476   65.2   66.5
909    35.8   26.3    15    467   64.5   67.1
910    68.4   52.2   30.7   497   65.2   70.6
911    34.5   26.3   14.2   510    66     71
912     99    69.1   35.1   488   65.6   68.1
913    29.3   21.8   12.3   497   65.6   69.4
914    60.6   48.6   25.7   475   64.9   67.2
915    55.1   42.6    22    509   65.4    71
916    32.8   24.6   13.5   480   64.7   67.9
917    48.3   37.8   21.8   473   64.2    68
918    79.7   51.9   27.6   518   65.6   73.3
919    46.1   34.9   19.2   503   65.6   70.4
920    21.5   15.6    9.4   486   64.9   68.2
921    38.8    31    19.3   467   64.3   67.6
922    87.1   59.9   30.2   531   65.8   72.5
923    40.2   30.9   17.3   506   65.4   69.7
924    69.8    55    28.9   487    65    68.6
925    78.1   54.7   28.7   536    66    72.7
926   111.3   71.9   34.7   507   65.9   70.1
927    37.7   29.6   15.4   505   65.8   69.3
928    33.5   23.7   13.6   487   65.3   67.7
929    24.3   19.7   11.9   467   64.5   66.6
930    28.9   22.1   12.8   463    64    67.9
931    25.4   19.1   10.5   450   63.4   68.7
932    24.3   18.6   10.9   466   63.6   68.8
933    80.9   50.5   25.7   502   64.5   72.2
934    46.4   32.9   18.4   510   65.6   72.4
935    40.3    31    17.4   496   65.1   69.7
936    52.3   39.3   20.5   492   64.8   69.1
937    50.9   38.9   21.8   503   64.9   69.6
938     63    46.6   25.2   535    66    72.8
939    34.5   26.4    15    500   65.7   69.7
940    32.3   24.3   13.5   481   64.8   67.8
941    23.4    17     10    472   64.5   68.2
942    27.5   22.7   13.2   478   64.2   68.3
943    56.6   45.5   26.3   527   65.4   71.8
944    33.2   25.4   14.5   504   65.5   69.8
945    46.1   36.3    20    493   64.9   68.2
946    85.4   63.3   33.1   523   65.6   71.3
947    31.4   24.2   13.9   511   65.6   70.1
948    79.7   59.2    32    508   65.4   70.2
949    23.8   18.3   10.9   519   65.7   70.5
950    84.5    55    27.3   497   65.5   69.3
951    30.2   23.9    14    497   65.1   68.6
952    96.8    70    36.7   502   65.3   69.8
953    37.4   28.5    16    506   65.5   69.8
954    90.1   66.9   35.8   507   65.6    70
955    28.8   23.6   13.6   504   65.6   69.1
956    86.5   67.4   35.6   488   65.1    68
957    54.7   37.6   19.7   535   65.9   71.6
958     50    39.3   21.3   490   65.4   68.1
959   109.8    81    42.2   519   65.7   70.6
960    40.4   28.7   15.6   521   66.2   70.7
961    61.6   44.9   23.1   501    66    68.8
962    24.1   18.9   11.4   485   65.4   66.9
963    32.6   25.4   14.4   477   64.6   67.1
964     44    32.2   17.3   473   64.2   68.1
965    26.9   18.5   10.9   501   64.4   68.8
966    26.4   19.1   10.8   483   64.4   68.4
967    44.9   36.8   22.2   513   64.6   69.6
968    56.5    41    21.1   554    66    71.2
969    52.8   40.6    22    523   65.8   69.1
970    68.8    50    28.1   538   66.3    70
971    34.5   27.3   15.8   521   66.5   68.3
972    32.1    23    13.2   507   65.7   67.4
973    22.7   19.1   11.3   476   65.2   66.6
974    58.9   46.9    27    517   66.1   69.4
975    49.4   36.2   19.6   534   66.9   68.4
976    74.4   55.4   29.6   509   66.3    67
977    62.8    45    23.4   555    67    69.5
978   132.3   88.1   39.9   514   66.6   67.5
979    39.7   27.9   14.7   520   66.5   67.5
980    48.5   38.8   20.1   499   65.9    66
981    98.2    73    37.7   531   66.4   69.3
982     40    29.5   16.2   529   66.5   68.5
 983    88.3   63.5   32.5   515   66.1   67.9
 984    64.9   45.5   23.1   548   66.8   69.7
 985    69.5    49    23.8   507   66.6   67.8
 986    58.1   39.8   20.2   503   66.1   66.5
 987   110.9   71.6   33.7   525   66.6   68.4
 988   106.3   70.8   34.2   524   66.5   67.8
 989    45.8   33.1    18    529   66.5   68.3
 990    35.5   26.5   14.8   503   65.9   66.4
 991    83.8   60.8   31.8   495   65.3   67.6
 992    76.8   53.6   26.5   535   66.7   70.9
 993     38    27.9   15.7   507   66.1   67.6
 994    31.7   23.3   13.1   490   65.4   66.6
 995    97.6   72.8   36.1   510   65.7   68.6
 996    82.7   59.6    29    559   66.5   71.5
 997    41.9   31.3   17.4   497   65.7   67.2
 998    79.3   57.4   30.8   527   66.3   70.2
 999    32.7   25.9   14.8   521   66.2   69.4
1000    90.6   61.4   31.5   529   66.3   69.5
1001    38.4    25    13.5   507   65.9   68.1
1002    98.1   68.2   34.6   528   66.2   69.9
1003    42.9   33.7   18.3   516   65.8   68.8
1004    24.5   18.3   10.8   498   65.4   67.6
1005    27.5    23    13.7   464   64.8   66.8
1006    73.9   54.3   29.4   517   65.9   71.1
1007    64.9   45.4    23    539   66.5   71.6
1008    88.7   55.9    27    519   66.5   69.6
1009    37.5   27.1   14.1   516   66.6   69.1
1010   118.4   89.6   34.2   499   65.9    67
1011   113.3   76.5   38.4   565   66.8   72.9
1012    38.3    29    15.4   514   66.3   68.5
1013    90.1   67.3   36.7   503   65.9   68.1
1014    73.2   51.3    25    557    67    72.9
1015   101.4    71    34.1   529   67.1   71.2
1016    52.8   40.1   19.3   514   66.3   67.9
1017    81.4   52.8   25.3   522   66.6   69.4
1018    31.2   22.9   12.7   498   65.9   66.9
1019    67.7   49.6    26    483   65.1   67.2
1020    62.3   44.7   22.6   529    66    73.1
1021    40.8   30.2   15.5   506   65.4   69.6
1022    73.4   52.9   28.4   495   65.2   68.8
1023    101    68.7   33.3   545   66.4   73.6
1024    74.7   57.4   29.8   521   66.1   70.1
1025    90.4   69.1    36    558    67    72.7
1026    87.1    60    29.6   542   67.1    71
1027    32.5   23.7   13.3   506   66.6   68.1
1028    43.9   29.7   16.7   495   65.8   66.8
1029   117.8   90.1   46.4   529   66.2   71.3
1030    95.3   58.9   29.8   570   66.8   72.9
1031    43.8   33.3    19    508   66.1   68.2
1032    91.9   68.1   37.4   546   66.5   71.6
1033    50.1   37.1   18.7   552   67.1   72.1
1034   101.1   72.1   34.7   523   66.7   68.9
1035    34.7   25.6   14.3   524   66.5   69.1
1036    66.6   50.7   27.8   494   65.5   67.2
1037   104.8   75.4   37.9   551   66.4   72.4
1038    47.6    35    18.9   522    66    69.4
1039    34.1   28.1   16.3   490   65.2   67.8
1040    100    73.4   39.6   548   66.2   72.4
1041    51.4    39     20    548   66.5   71.8
1042   100.4   73.4   38.4   532   66.2   70.3
1043    49.7    35    19.1   558   66.6   71.2
1044   130.1   88.7   42.3   543   66.4   70.7
1045    25.1   17.9   10.4   533   66.5   70.6
1046    38.6   31.5   17.7   488   65.5   67.2
1047    111    83.3   44.2   534    66    72.4
1048    54.8   42.1    22    559   66.7   72.7
1049    38.6   29.3   15.8   520   66.1   68.9
1050    57.9   46.1    27    502   65.4   68.7
1051    65.6   49.7   26.1   560    67    73.9
1052    41.8   31.3   17.4   522   66.5   69.6
1053    22.9   15.8      9   483   65.4   67.7
1054    18.7    13     7.9   480   65.3   68.1
1055    22.3   16.5    10    482   64.9   68.2
1056    26.5   21.1   12.5   479   64.8   68.4
1057    60.6   47.4   26.2   559   65.8   72.9
1058    20.9    16     9.6   529   65.9   71.5
1059    39.6   30.8   17.2   486    65    68.5
1060    77.8   56.7   30.4   563   65.9   73.6
1061    84.7   62.2   30.9   543   65.9   71.9
1062    45.3   31.7   16.7   541   65.9   71.2
1063    39.2   30.3    17    505   65.3   69.1
1064    79.8   56.5   30.4   513   65.4    70
1065    28.2   17.3   10.7   534   65.3   71.1
1066     24    17.9   10.8   497   64.6   69.1
1067    78.2   61.1   34.9   522   64.9   71.9
1068    67.2   49.7   26.1   592   66.2   75.6
1069    91.1   63.1   32.9   536   65.9   71.8
1070    32.6   24.2   14.6   555   66.3   72.8
1071    26.5   20.7   12.5   502   65.3   68.7
1072    94.9   72.5   36.5   504   65.3   70.6
1073   119.9   66.2   31.4   568   66.6   75.2
1074    91.6    63    31.9   533   66.7   72.5
1075     47    33.2   17.6   524   66.4   70.2
1076    95.3   70.4   35.3   543   66.6   70.7
1077    39.6   29.9   17.1   546   66.5   70.9
1078    35.4   26.8    15    514   65.9   68.5
1079    19.7   15.3    9.8   485   65.2    68
1080    63.9   48.8   29.3   516   65.5   70.3
1081    50.5   35.3   18.8   570   66.7   73.8
1082    71.3   48.7   26.2   499   65.8   68.3
1083    78.3   54.7   28.9   570   66.5   73.5
1084     26     19    11.5   515   66.1   69.9
1085    92.3   71.5   37.7   523    66    70.8
1086    61.6   43.4   22.6   562   66.3   72.3
1087    94.5   64.4   31.8   553   66.5   71.4
1088    98.5   70.5   36.1   535   66.2   70.1
1089    33.7   25.2   15.1   540   66.4   70.6
1090     95    60.9   30.8   499   65.7    68
1091     29    21.7   12.4   531   65.7   70.3
1092    37.1   29.2   16.7   502   65.2   68.8
1093    83.3   65.9   36.5   531   65.7    72
1094    48.3   35.6   19.7   555   66.3   73.2
1095    36.5   27.5   15.9   516   65.8   69.5
1096    108    79.3   37.5   513   65.7   70.2
1097   135.4   90.5   41.4   581   66.7   73.9
1098   103.9   61.4   26.3   564    67    72.6
1099     50    38.7   20.3   517   66.2   68.4
1100    33.7   25.4   13.5   502   65.6   68.1
1101    36.6   24.5   13.8   492   65.7   68.5
1102    67.9   52.7   29.6   531   65.9   70.7
1103    36.8   26.6   14.6   547   66.4   71.8
1104    43.1   33.6    19    510   65.7   68.8
1105   112.6   82.9   41.9   536   66.1   71.3
1106    76.3   52.2   26.9   574    67    72.7
1107    89.1   63.8   31.7   547    67    70.7
1108    22.7   16.3   10.4   522   66.5   68.6
1109    80.9   61.8   31.5   496   66.1   67.1
1110    58.2   41.4   23.5   549   66.4   71.1
1111    68.9    51    25.9   536   66.4   70.7
1112    33.8   23.7   12.6   512    66    68.7
1113    49.3   39.4   21.9   486   65.3   67.7
1114    62.8   43.3   23.4   548   66.1   72.8
1115     55    40.1    21    515   65.5   69.8
1116    57.5   38.4   19.6   540   65.9   71.4
1117    37.3   28.3   15.7   498   65.2   68.7
1118     67    54.9   30.2   500   65.1   70.1
1119    64.3   46.1   23.6   578   66.2   75.1
1120    59.5   45.6    24    525   65.8   70.7
1121    68.1   50.5   26.5   562   66.5   73.6
1122    39.8   30.9   17.2   514   65.9   69.7
1123   100.6   73.7   37.3   546   66.3   72.1
1124    47.4    32    17.4   547   66.6   72.4
1125    68.6   41.4   20.9   526   66.5   70.8
1126    39.5   29.7   16.1   503    66    68.5
1127    86.9   61.9   32.8   541   66.4   71.6
1128    21.4   17.2   11.1   516   65.8   69.5
1129    27.2    19    12.1   487   65.3    68
1130     43    36.9   23.2   489    65    69.6
1131    58.6   44.2   23.3   569   66.3   75.4
1132    35.6   28.8   16.5   508   65.5    70
1133    28.5   22.4   13.3   498    65    69.6
1134    13.7    11       8   474   64.4   69.1
1135    30.6   24.8   16.5   481   64.3   69.6
1136    60.9   46.8   24.5   554   66.1   74.8
1137    58.7   43.2   23.3   530   66.1   71.7
1138    58.6   44.6   25.6   520    66    70.6
1139     68    49.2   26.4   572   66.8   73.6
1140    34.7   27.8   16.4   521   66.1   69.9
1141   113.4   81.9   41.6   524   65.9   70.9
1142    33.3   25.6   14.7   555   66.5   73.2
1143    90.6   62.5   31.8   528   66.4   71.3
1144    37.8   26.9   15.9   527   66.1   70.5
1145    25.9   20.5   12.3   504   65.5   69.2
1146    77.8   59.4   31.5   507   65.6   70.3
1147    47.3   31.9   18.6   558   66.4   74.4
1148    45.8   35.1   19.6   506   65.7   70.2
1149    67.7    48    26.6   541   66.3   72.9
1150    41.6    31    17.6   515   65.8    70
1151   110.2   75.1    38    528   65.9   71.7
1152     57    39.6   21.2   553   66.3   73.6
1153    31.5   23.2   13.9   520   66.3   71.5
1154    15.7   13.5    9.8   480   65.5   67.9
1155    28.6   23.5   14.3   479   64.8   68.6
1156    64.1   49.4   28.1   508   65.1   72.4
1157    42.2   31.1   18.4   544   66.1   75.3
1158    34.2   27.2   16.9   505   65.5   70.1
1159    30.6   24.3   14.8   499   64.9   70.1
1160    23.7   20.5   14.5   488   64.6   70.1
1161    77.5   54.3    30    547    66    74.9
1162    55.7   42.4    23    541   66.4   73.5
1163     60    40.4    23    515   65.9   70.8
1164    87.3   61.4    32    560   66.9   74.8
1165    49.9   36.8    21    536   66.7   71.5
1166    22.6   17.5   12.5   505    66    68.9
1167    72.9   53.5    30    515    66     71
1168    62.1   43.6   23.2   571   67.3   75.1
1169    84.4   51.9   26.5   516    67    71.1
1170    33.3   26.1   15.5   532   66.8   70.6
1171     49    38.4   22.6   509   66.2   68.5
1172    58.4   43.4   24.4   555   66.9   73.8
1173    28.8   22.1   13.6   503   66.3   69.4
1174    67.8   46.6   24.7   520   66.3   70.9
1175    40.9   32.4   18.7   507   65.8    69
1176    51.1   41.5   24.5   495   65.4   69.3
1177    86.4   63.3   32.4   556   66.7   75.6
1178    55.9   43.2    25    546    67    72.3
1179   104.3   70.8   34.8   545   67.1   71.6
1180   113.8   80.2   39.6   567   67.5   73.6
1181    73.9   51.5   26.5   569   68.1   73.6
1182    62.6   49.1   26.7   512   67.3   67.7
1183    79.6   54.3   28.1   541   67.3   71.8
1184    100    66.5   33.4   517   66.9    69
1185    26.3   20.4   13.9   519   66.3   69.9
1186     16    13.4   10.9   471    65    66.9
1187    19.2   16.7   11.9   455   64.7   67.7
1188    21.8   17.7   12.7   466   64.2   69.3
1189    20.2    16    11.7   462   63.5   69.8
1190     63    46.2    26    486   64.4   72.2
1191    67.4   30.5   18.4   526   65.2   75.4
1192     42    32.9   19.5   499   64.8   71.8
1193    59.2   48.4   28.2   504   64.9   72.7
1194    39.1   29.2   18.3   548   66.1   76.6
1195    26.7   22.2   15.4   487   65.1    70
1196    21.6   18.5   13.8   470   64.4   69.6
1197    25.7    20    14.5   465   63.8   69.8
1198    45.4   35.9   21.9   480   64.1   71.6
1199    63.3   43.7   24.4   527   65.3   76.4
1200    73.8   50.2   25.4   495   64.8   72.1
1201   110.1   73.3    36    524   65.3   74.5
1202    37.3    29    18.5   514   65.3   73.7
1203    52.6    36     21    498   65.3   72.6
1204    28.8   22.3   15.8   479   64.6   69.8
1205    27.6   22.8    16    481   64.1   71.2
1206    59.6    48    28.4   482    64    72.3
1207    60.2   44.6   25.4   530   65.3   78.1
1208    61.1    47    27.1   489   64.8    72
1209    72.1   53.1   28.6   526   65.7   77.2
1210   106.4   68.5    35    516   65.9   75.1
1211    52.3   40.4   22.8   513   66.2   74.3
1212   127.4   96.5   42.9   509   65.9   72.1
1213   136.7   84.6   36.5   531   66.9    77
1214   144.2   87.9   38.1   510   66.9   72.7
1215    46.6    34    18.8   512    67    73.3
1216    99.9   74.6   36.7   499   66.3   69.6
1217    54.8   39.1   22.6   527    67    74.9
1218    20.6   18.2   13.4   488   66.2    69
1219    83.7   63.3   33.7   473   65.6   69.2
1220    71.2   42.5    24    519   66.3   75.3
1221    87.4   64.5   32.8   493   65.6   70.3
1222    46.1   33.3   19.3   513   65.9   73.7
1223     71    53.4   28.4   491   65.2   69.9
1224    67.5    50    27.1   507   65.7    73
1225    58.7   44.8   24.2   509   65.7   72.5
1226    37.2    19    13.5   489   65.3   70.7
1227    62.7   50.2   27.6   474   64.7   69.3
1228    58.1   42.3   23.9   512   65.3   75.5
1229   112.7    78    38.5   489   64.8   72.1
1230    57.3   41.2   23.5   513   65.4    75
1231    38.3   30.5   19.2   496   65.1    72
1232    16.2   14.6   12.9   476   64.4   70.4
1233    20.9   18.8   14.9   472   64.3   70.2
1234   109.4   64.9   32.7   498   65.1   74.3
1235   110.7   76.7   37.9   515   66.2   77.1
1236    57.9   42.7   24.2   505   66.5   74.4
1237    59.7    48    27.2   489   65.8    70
1238    74.9   56.4   30.3   512   66.6   75.1
1239    40.2   31.8   20.2   492   66.3    71
1240   101.1   73.5   37.8   498    66    70.8
1241    33.1   26.5   17.2   511   66.4   73.3
1242    66.4   51.7   28.4   490   65.8   69.8
1243     37    28.5   18.7   496   65.9   71.5
1244    38.8   29.5   18.8   488   65.5   70.3
1245    47.4   39.9    25    478    65    69.8
1246   111.3   85.1   40.6   514   66.2   75.5
1247    54.8   44.1   25.8   501    66    72.4
1248   101.8   72.3   37.6   509   66.4    74
1249    87.1   61.9   31.8   494   66.2   70.8
1250    49.7    37    21.9   499   66.3   72.2
1251    39.3   32.5   20.8   486   65.5   69.3
1252     31     26    18.3   476   64.8    69
1253    22.2   20.4   16.5   466   64.3   69.4
1254    22.9   19.4   15.9   461   64.1   69.6
1255    32.5   27.8   19.6   470   64.1   70.4
1256    56.5   40.8   23.5   496   65.5   75.1
1257    87.4   57.8   30.7   501   66.2   74.1
1258     35    27.4    18    490   66.1   71.7
1259    38.1   28.8   18.3   482   65.4   69.5
1260    54.7    43    24.6   484   65.1   69.7
1261   59.9   42.6   25.1   501   65.7   73.5
1262   30.1   24.5   17.1   483    65    70.4
1263   19.8   17.2   13.5   474   64.5   69.9
1264   21.6   18.6   14.1   464   64.4   69.7
1265   66.5   51.5   28.5   475   64.6    72
1266   65.1    48    26.4   498   65.6   75.2
1267   36.2   28.7   18.1   479   65.2   71.2
1268   37.3   31.6   20.2   476   64.9   70.8
1269   64.8   45.3   25.6   494    66    74.6
1270   39.9   32.7   19.9   486   66.2   72.3
1271   23.2   19.2    14    480   65.7   70.5
1272   21.8   18.2   13.4   471   65.3   69.5

1273   31.4    23    15.6   476   65.1   69.8
1274   53.4   36.7   21.1   484   65.1   70.7
1275   41.2   34.3   21.3   488   65.1   71.3
1276   35.6   28.7   18.4   496   66.1    74
1277   30.5   25.2   16.5   476   65.4    70
1278   24.8   21.6   14.6   469   64.8   70.2
1279    17    14.8   12.2   461   64.5   70.3
1280   31.6   27.1   18.5   469   64.6   70.7
1281    68    54.3   29.2   498   65.7   75.1
1282   71.7   52.9   28.2   503   66.3   74.9
1283   41.7   32.1   19.2   486   66.1   72.2
1284   77.6    59    32.2   486   65.9   70.9
1285   20.3   16.3   13.1   490   66.2    73
1286   15.5   14.7   12.2   466   65.2   68.7
1287   14.8   13.6   11.9   455   64.5   69.4
1288   20.1    18    14.1   458   64.5   70.1
1289   63.3   49.3    28    487   65.3   74.5
1290   35.7   29.3   19.1   489   65.2   73.1
1291   28.3    23    16.4   479   64.9   71.4
1292   29.7    26    17.9   470   64.3   70.7
1293   64.7   48.6   27.5   488   65.1   74.4
1294   46.6   35.6   21.7   494   65.8    75
1295   52.6   40.6   23.8   480   65.4    72
1296   35.5   25.4   17.5   491   65.8   73.5
1297   70.7   53.2   29.8   480   65.4   71.1
1298   56.1   43.8   24.8   500   66.1   74.8
1299   78.4   56.4   29.6   485   65.8   71.5
1300   47.2   33.8   20.2   496   66.4   74.6
1301   35.6   26.8   17.8   481   65.7   70.7
1302   28.2   22.9   15.5   470   65.2   70.4
1303   37.6   31.3    20    472   65.1   70.8
1304   42.9   33.6   20.8   491   66.1   75.1
1305   67.1   47.1    25    477    66    72.4
1306   37.7    29    18.6   484   66.1   72.8
1307   77.3   54.8   30.1   486    66    72.2
1308   24.5   20.9   15.3   483   65.4   71.7
1309   28.4   22.6   16.1   470   65.1   70.2
1310   43.7   34.9   22.7   464   64.7   71.1
1311   59.1   43.7   24.7   487   66.2   76.8
1312   49.4   37.2   21.8   479    66    72.5
1313   86.9   61.3    33    494   66.3   74.4
1314   35.6   28.4   17.5   490   66.8   74.4
1315   74.2   49.4   24.9   481   66.5    72
1316   37.3   30.1   19.1   475   65.7   69.7
1317   34.1   28.2   19.5   469    65    70.3
1318   89.3    71    32.6   489    66     75
1319   47.6   37.8   22.4   490   66.5   74.6
1320   87.7   68.4   36.9   489   66.1   72.5
1321   41.1   31.7    20    497   66.8   75.9
1322   79.4   39.7   25.7   474    66    70.3
1323   70.1   48.8    26    498   66.7   75.7
1324   50.6   39.8   23.7   482   66.2   71.8
1325   34.1   26.8   17.4   481   65.8   70.9
1326   37.5   31.9   20.8   472   65.5   70.6
1327    58    45.1   26.1   491   66.3   74.9
1328   40.8   33.1   20.6   481   66.4   73.5
1329   68.7   48.2   26.6   490   66.8   74.1
1330   50.8   37.7    22    484   66.2   70.8
1331    54     42    24.2   485   66.2   71.2
1332   62.7    48    27.2   493   66.2    73
1333   21.2   19.1   14.9   481   65.7   70.8
1334   19.8    18    14.3   464   65.1   70.4
1335    51    42.5    26    461   64.8    71
1336   67.4   51.8   29.2   497   65.8   76.9
1337   43.7   33.2   19.9   485   65.3   73.1
1338   85.4   42.1   26.2   478   65.1   72.1
1339   64.4   47.6   27.2   498   66.4   77.3
1340   56.2   39.8   22.2   483   66.4   73.6
1341   59.7   43.7   24.3   492   66.6   74.5
1342    42    33.6   19.5   479   66.1   70.9

1343   25.1   19.7   13.5   480   65.7   71.5
1344   42.8   37.3   23.2   472   65.3   71.3
1345   49.3   38.9   22.1   503   66.5   76.3
1346    27    18.6   13.2   478   65.8   71.5
1347   30.4   26.3   17.7   465   64.8   70.5
1348   82.6    62    33.3   506   66.1   76.9
1349   48.8   37.6   21.3   509   66.5    75
1350   18.8   15.8   11.3   483   65.9   71.7
1351   67.5    52    31.6   492    66    73.2
1352   67.7   49.2   27.5   523   67.3   76.7
1353   81.5   58.6   29.8   501   67.2   72.8
1354   28.2   21.2   13.9   503   67.2    73
1355   24.3   19.5   13.1   481   66.3   69.2
1356   23.7    20    13.3   466   65.8   69.4
1357   60.2   44.4   26.2   485   66.1   73.6
1358   39.3   29.7   17.8   498   66.7   74.2
1359   34.2   27.4   17.3   486   65.9    71
1360   71.6   49.9   29.7   496   66.2   74.2
1361   43.4   32.6   18.3   504   66.8   75.1
1362   31.9   22.8   14.3   480    66     71
1363   73.8   58.9    29    477   65.8   71.7
1364   70.8   51.4    28    516   67.2   76.5
1365    42    34.7   20.2   490   66.9   71.9
1366   34.7   25.5   14.8   480   66.3   70.6
1367   28.4   22.9   14.3   474   66.3    71
1368   57.7   46.3   26.3   498   66.6   73.4
1369   17.1   15.1   10.9   495   66.8   73.2
1370   21.9   19.1   12.2   469   65.9   69.7
1371   50.3   40.9   24.5   471   65.9   71.4
1372   50.8   39.4   22.1   514   67.2   76.5
1373   72.6   50.6    27    497   67.2   74.4
1374   29.1   23.5   14.9   483   66.6   71.2
1375   88.4    63    31.7   489   66.6   71.5
1376   24.1    20    12.5   493   66.3   72.1
1377   15.5   13.6   10.1   468   65.5   69.8
1378   12.5   11.1    8.8   446   64.9   70.1
1379   12.2   11.3    8.6   445   64.6   70.6
1380   47.6   39.9   24.6   467   65.1   73.8
1381   31.7   25.7   15.4   491    66    76.1
1382   30.9   24.7   14.2   477   65.6   72.3
1383   50.4   40.5   23.2   478   65.3   72.8
1384   34.9   26.3   15.8   499   66.4   76.4
1385   68.1   46.2   22.6   475   66.2    73
1386    25    19.6   12.2   482   66.1   72.4
1387   66.7   50.1   26.8   478   65.8   71.5
1388   21.7   17.1   11.3   486   65.8   73.6
1389   44.1   32.5   17.7   481   65.9   72.7
1390   14.1    9.9    8.1   469   65.3   71.1
1391   11.1      9    7.4   448   64.4   71.1
1392    9.8      9    7.2   446   64.3   71.5
1393   60.3   43.5   24.8   465   64.8   74.8
1394   51.8   35.7   19.6   493   65.5   77.8
1395   36.7   28.8   16.2   477   65.3    74
1396   21.2   16.1   10.3   471    65    72.8
1397   10.1    9.1    7.4   464   64.9   72.3
1398   43.6   23.2   15.8   468   64.8   72.6
1399    48    36.6   20.4   492   66.1   77.2
1400   36.7    28    16.3   482    66     74
1401   17.8   14.1    9.6   477   65.5   72.4
1402   24.6   21.3    14    470   65.1   71.4
1403   53.2   42.5   24.2   491   66.3   76.4
1404   31.5    25    14.6   482   66.4   74.5
1405   21.8   18.4   12.1   469   65.7   71.3
1406   63.8   51.2   28.9   478   66.2   74.8
1407   58.1   43.2   23.6   492    67    76.1
1408   35.6   25.9    15    482    67    74.3
1409   80.7   58.1   29.1   474   66.7   72.6
1410   29.2   22.8   14.5   477   66.5   72.2
1411   28.3   22.8   13.8   470    66    71.3
1412   72.1   58.3   30.3   469   65.7   72.8
1413   39.3   28.8   17.4   490   66.8   77.1
1414   23.9   18.6   11.8   467   65.9   70.8
1415   73.7   57.3   30.9   461   65.7   72.3
1416   32.9   25.5   15.1   486   66.5   77.2
1417   21.6   17.2   10.9   468   65.6   71.5
1418   49.7    38    22.8   459   65.4   72.3
1419   37.3   26.8   15.4   479   66.5   77.9
1420   25.7   21.1   12.7   470   65.7   72.4
1421   17.8   15.4   10.2   463   65.3   71.7
1422    14    12.2    9.1   459   64.6   71.5
1423   27.4   22.9   14.5   460   64.4   71.7
1424   51.8   40.3    22    477   65.7   76.8
1425   28.2   23.3   14.3   469   65.4    74
1426   60.2   47.2   26.2   470   65.6   74.5
1427   21.3   17.7   11.4   477   66.2   76.6
1428   18.1   15.2   10.3   460   65.4   71.4
